Gas Data
Time: 0.000000e+00
radius	rho	P	T	vel	nH1	fH1	fHeI	fHII	fHeII	fHeIII	q_eff_lya
10000.0	3.1402728471053144e-28	3.9400049226071694e-16	100.0	0.0	0.00014268659408999998	1.0	1.0	0.0	0.0	0.0	5.26777e-11
10000.74	3.1375379707624836e-28	3.936573556360313e-16	100.0	0.0	0.00014256232775722714	1.0	1.0	0.0	0.0	0.0	5.26777e-11
10001.47	3.151392800559894e-28	3.953956790321655e-16	100.0	0.0	0.00014319185855653696	1.0	1.0	0.0	0.0	0.0	5.26777e-11
10002.21	3.1703114255548555e-28	3.977693414251585e-16	100.0	0.0	0.00014405147627029243	1.0	1.0	0.0	0.0	0.0	5.26777e-11
10002.95	3.1597334542671013e-28	3.964421555093433e-16	100.0	0.0	0.00014357083819553954	1.0	1.0	0.0	0.0	0.0	5.26777e-11
10003.69	3.099191510789514e-28	3.8884614182073086e-16	100.0	0.0	0.00014081995502869332	1.0	1.0	0.0	0.0	0.0	5.26777e-11
10004.42	2.9925538752501575e-28	3.754666417130397e-16	100.0	0.0	0.00013597459229820725	1.0	1.0	0.0	0.0	0.0	5.26777e-11
10005.16	2.8596036625858433e-28	3.587857825054735e-16	100.0	0.0	0.00012993364810251457	1.0	1.0	0.0	0.0	0.0	5.26777e-11
10005.9	2.7256255582296013e-28	3.419759568506179e-16	100.0	0.0	0.0001238459989318864	1.0	1.0	0.0	0.0	0.0	5.26777e-11
10006.63	2.6153764420509497e-28	3.2814333524076684e-16	100.0	0.0	0.00011883653903623904	1.0	1.0	0.0	0.0	0.0	5.26777e-11
10007.37	2.5402591659832994e-28	3.1871859885990744e-16	100.0	0.0	0.00011542338712197423	1.0	1.0	0.0	0.0	0.0	5.26777e-11
10008.11	2.49971730981964e-28	3.136319353553749e-16	100.0	0.0	0.00011358126076680365	1.0	1.0	0.0	0.0	0.0	5.26777e-11
10008.85	2.4779782213635957e-28	3.1090439798202974e-16	100.0	0.0	0.00011259348784341787	1.0	1.0	0.0	0.0	0.0	5.26777e-11
10009.58	2.456636869305061e-28	3.0822676338593953e-16	100.0	0.0	0.00011162378712415875	1.0	1.0	0.0	0.0	0.0	5.26777e-11
10010.32	2.424344661627434e-28	3.0417515821000763e-16	100.0	0.0	0.00011015650534531114	1.0	1.0	0.0	0.0	0.0	5.26777e-11
10011.06	2.3770483747906787e-28	2.9824103681257463e-16	100.0	0.0	0.00010800747358583805	1.0	1.0	0.0	0.0	0.0	5.26777e-11
10011.79	2.3184918497191344e-28	2.9089412753858193e-16	100.0	0.0	0.00010534680315017635	1.0	1.0	0.0	0.0	0.0	5.26777e-11
10012.53	2.2481810609234253e-28	2.8207244651099707e-16	100.0	0.0	0.00010215204668489374	1.0	1.0	0.0	0.0	0.0	5.26777e-11
10013.27	2.1700880517749984e-28	2.722743539423965e-16	100.0	0.0	9.860368447557183e-05	1.0	1.0	0.0	0.0	0.0	5.26777e-11
10014.0	2.094278393189484e-28	2.6276274643085726e-16	100.0	0.0	9.515907233218312e-05	1.0	1.0	0.0	0.0	0.0	5.26777e-11
10014.74	2.020815309008192e-28	2.5354555647964003e-16	100.0	0.0	9.182108299700867e-05	1.0	1.0	0.0	0.0	0.0	5.26777e-11
10015.48	1.9551376777181e-28	2.4530518364621964e-16	100.0	0.0	8.883684628480051e-05	1.0	1.0	0.0	0.0	0.0	5.26777e-11
10016.22	1.904266228033175e-28	2.389224974295259e-16	100.0	0.0	8.652536755496539e-05	1.0	1.0	0.0	0.0	0.0	5.26777e-11
10016.95	1.867943445568209e-28	2.3436518828211617e-16	100.0	0.0	8.487494596100248e-05	1.0	1.0	0.0	0.0	0.0	5.26777e-11
10017.69	1.8414686694902483e-28	2.31043478572457e-16	100.0	0.0	8.36719945578014e-05	1.0	1.0	0.0	0.0	0.0	5.26777e-11
10018.43	1.8240706966423096e-28	2.288606077837785e-16	100.0	0.0	8.288147169223862e-05	1.0	1.0	0.0	0.0	0.0	5.26777e-11
10019.16	1.8164118588409787e-28	2.278996766765816e-16	100.0	0.0	8.2533472160425e-05	1.0	1.0	0.0	0.0	0.0	5.26777e-11
10019.9	1.8196292371613192e-28	2.2830335135828055e-16	100.0	0.0	8.267966224542083e-05	1.0	1.0	0.0	0.0	0.0	5.26777e-11
10020.64	1.8321588062647721e-28	2.2987539832201036e-16	100.0	0.0	8.324897632347458e-05	1.0	1.0	0.0	0.0	0.0	5.26777e-11
10021.38	1.8502757225838456e-28	2.3214847276346886e-16	100.0	0.0	8.40721662852529e-05	1.0	1.0	0.0	0.0	0.0	5.26777e-11
10022.11	1.870393129223891e-28	2.346725426469165e-16	100.0	0.0	8.498625381049378e-05	1.0	1.0	0.0	0.0	0.0	5.26777e-11
10022.85	1.8870715064934964e-28	2.3676512796490624e-16	100.0	0.0	8.574407994962744e-05	1.0	1.0	0.0	0.0	0.0	5.26777e-11
10023.59	1.8967494926895398e-28	2.3797939548591114e-16	100.0	0.0	8.618382482378269e-05	1.0	1.0	0.0	0.0	0.0	5.26777e-11
10024.32	1.8988346733038414e-28	2.3824101676166896e-16	100.0	0.0	8.627857051449279e-05	1.0	1.0	0.0	0.0	0.0	5.26777e-11
10025.06	1.8943681263820967e-28	2.376806126912089e-16	100.0	0.0	8.607562115351787e-05	1.0	1.0	0.0	0.0	0.0	5.26777e-11
10025.8	1.8838205349752946e-28	2.363572384467461e-16	100.0	0.0	8.559636346892627e-05	1.0	1.0	0.0	0.0	0.0	5.26777e-11
10026.54	1.8684264067970736e-28	2.344257839600016e-16	100.0	0.0	8.489689058052424e-05	1.0	1.0	0.0	0.0	0.0	5.26777e-11
10027.27	1.8537756169316728e-28	2.3258759387269843e-16	100.0	0.0	8.423119323242618e-05	1.0	1.0	0.0	0.0	0.0	5.26777e-11
10028.01	1.8473022203922869e-28	2.317753964786191e-16	100.0	0.0	8.39370573565419e-05	1.0	1.0	0.0	0.0	0.0	5.26777e-11
10028.75	1.8568892637462447e-28	2.3297825367756162e-16	100.0	0.0	8.437267000237628e-05	1.0	1.0	0.0	0.0	0.0	5.26777e-11
10029.48	1.8856607841319207e-28	2.3658812891674504e-16	100.0	0.0	8.567998005169487e-05	1.0	1.0	0.0	0.0	0.0	5.26777e-11
10030.22	1.9309809721285508e-28	2.422743151971762e-16	100.0	0.0	8.773922253908527e-05	1.0	1.0	0.0	0.0	0.0	5.26777e-11
10030.96	1.986002677190102e-28	2.4917772134523055e-16	100.0	0.0	9.023927908783202e-05	1.0	1.0	0.0	0.0	0.0	5.26777e-11
10031.7	2.0409212104340447e-28	2.5606818283882204e-16	100.0	0.0	9.273464775244342e-05	1.0	1.0	0.0	0.0	0.0	5.26777e-11
10032.43	2.086228014249201e-28	2.6175268984667204e-16	100.0	0.0	9.479328209418464e-05	1.0	1.0	0.0	0.0	0.0	5.26777e-11
10033.17	2.116350539256291e-28	2.6553207153061377e-16	100.0	0.0	9.616197860812435e-05	1.0	1.0	0.0	0.0	0.0	5.26777e-11
10033.91	2.125247493895678e-28	2.666483453954058e-16	100.0	0.0	9.656623524984818e-05	1.0	1.0	0.0	0.0	0.0	5.26777e-11
10034.64	2.1141574727069064e-28	2.652569141343975e-16	100.0	0.0	9.60623308348957e-05	1.0	1.0	0.0	0.0	0.0	5.26777e-11
10035.38	2.087650680520685e-28	2.6193118746091725e-16	100.0	0.0	9.485792469522227e-05	1.0	1.0	0.0	0.0	0.0	5.26777e-11
10036.12	2.053120792913138e-28	2.575988273834732e-16	100.0	0.0	9.328896801632319e-05	1.0	1.0	0.0	0.0	0.0	5.26777e-11
10036.86	2.0177940714923668e-28	2.5316649098870054e-16	100.0	0.0	9.168380508771252e-05	1.0	1.0	0.0	0.0	0.0	5.26777e-11
10037.59	1.9863482321799504e-28	2.4922107707982186e-16	100.0	0.0	9.0254980291827e-05	1.0	1.0	0.0	0.0	0.0	5.26777e-11
10038.33	1.9624863488228636e-28	2.4622719908045425e-16	100.0	0.0	8.917075257322793e-05	1.0	1.0	0.0	0.0	0.0	5.26777e-11
10039.07	1.9489638506958123e-28	2.445305723291947e-16	100.0	0.0	8.85563221414532e-05	1.0	1.0	0.0	0.0	0.0	5.26777e-11
10039.8	1.944267692263695e-28	2.439413596002135e-16	100.0	0.0	8.83429397748211e-05	1.0	1.0	0.0	0.0	0.0	5.26777e-11
10040.54	1.942816859093862e-28	2.4375932797081888e-16	100.0	0.0	8.827701733633393e-05	1.0	1.0	0.0	0.0	0.0	5.26777e-11
10041.28	1.9371519166868886e-28	2.430485648602078e-16	100.0	0.0	8.801961571006693e-05	1.0	1.0	0.0	0.0	0.0	5.26777e-11
10042.01	1.9231744911116783e-28	2.41294859744346e-16	100.0	0.0	8.738451444766813e-05	1.0	1.0	0.0	0.0	0.0	5.26777e-11
10042.75	1.9006553189980223e-28	2.3846944764480095e-16	100.0	0.0	8.63612963621486e-05	1.0	1.0	0.0	0.0	0.0	5.26777e-11
10043.49	1.87433231643385e-28	2.351667804967459e-16	100.0	0.0	8.516524118956501e-05	1.0	1.0	0.0	0.0	0.0	5.26777e-11
10044.23	1.8475454425365521e-28	2.3180591282201826e-16	100.0	0.0	8.394810879731223e-05	1.0	1.0	0.0	0.0	0.0	5.26777e-11
10044.96	1.8217198210497882e-28	2.2856565056643006e-16	100.0	0.0	8.277465344816936e-05	1.0	1.0	0.0	0.0	0.0	5.26777e-11
10045.7	1.8002380574483066e-28	2.258703989606933e-16	100.0	0.0	8.17985727594587e-05	1.0	1.0	0.0	0.0	0.0	5.26777e-11
10046.44	1.7880232568766514e-28	2.2433784504820927e-16	100.0	0.0	8.124356102133389e-05	1.0	1.0	0.0	0.0	0.0	5.26777e-11
10047.17	1.7881527359233256e-28	2.243540903907673e-16	100.0	0.0	8.124944424393124e-05	1.0	1.0	0.0	0.0	0.0	5.26777e-11
10047.91	1.796200252227232e-28	2.253637878086647e-16	100.0	0.0	8.161510441048226e-05	1.0	1.0	0.0	0.0	0.0	5.26777e-11
10048.65	1.8052726166577086e-28	2.2650206980695386e-16	100.0	0.0	8.202733125953496e-05	1.0	1.0	0.0	0.0	0.0	5.26777e-11
10049.39	1.8111585272174853e-28	2.2724055712027517e-16	100.0	0.0	8.229477315767035e-05	1.0	1.0	0.0	0.0	0.0	5.26777e-11
10050.12	1.8147505882327971e-28	2.2769124210122133e-16	100.0	0.0	8.245798794090512e-05	1.0	1.0	0.0	0.0	0.0	5.26777e-11
10050.86	1.8212251812225674e-28	2.2850358961029483e-16	100.0	0.0	8.27521781806739e-05	1.0	1.0	0.0	0.0	0.0	5.26777e-11
10051.6	1.8337061573538437e-28	2.300695397614577e-16	100.0	0.0	8.331928430864364e-05	1.0	1.0	0.0	0.0	0.0	5.26777e-11
10052.33	1.8485037446160888e-28	2.3192614807209214e-16	100.0	0.0	8.399165178433786e-05	1.0	1.0	0.0	0.0	0.0	5.26777e-11
10053.07	1.863425474235435e-28	2.337983321470597e-16	100.0	0.0	8.4669659996038e-05	1.0	1.0	0.0	0.0	0.0	5.26777e-11
10053.81	1.8781721739395053e-28	2.3564855575039423e-16	100.0	0.0	8.533971526107059e-05	1.0	1.0	0.0	0.0	0.0	5.26777e-11
10054.55	1.8928845916447396e-28	2.3749447809550224e-16	100.0	0.0	8.60082128329056e-05	1.0	1.0	0.0	0.0	0.0	5.26777e-11
10055.28	1.9071523254096195e-28	2.3928460729780684e-16	100.0	0.0	8.66565050149592e-05	1.0	1.0	0.0	0.0	0.0	5.26777e-11
10056.02	1.9192561066645004e-28	2.4080323195395255e-16	100.0	0.0	8.720647229708926e-05	1.0	1.0	0.0	0.0	0.0	5.26777e-11
10056.76	1.9269657261401105e-28	2.4177053448351885e-16	100.0	0.0	8.755677922844995e-05	1.0	1.0	0.0	0.0	0.0	5.26777e-11
10057.49	1.9311120722778995e-28	2.42290763934561e-16	100.0	0.0	8.774517942076594e-05	1.0	1.0	0.0	0.0	0.0	5.26777e-11
10058.23	1.9347972250680973e-28	2.4275312885763837e-16	100.0	0.0	8.79126240747613e-05	1.0	1.0	0.0	0.0	0.0	5.26777e-11
10058.97	1.9424251661290063e-28	2.4371018344469583e-16	100.0	0.0	8.825921973153797e-05	1.0	1.0	0.0	0.0	0.0	5.26777e-11
10059.71	1.9573197926554885e-28	2.4557896697695576e-16	100.0	0.0	8.893599644260158e-05	1.0	1.0	0.0	0.0	0.0	5.26777e-11
10060.44	1.9798418901621818e-28	2.484047461166763e-16	100.0	0.0	8.99593474510833e-05	1.0	1.0	0.0	0.0	0.0	5.26777e-11
10061.18	2.0077584654912462e-28	2.5190735399739715e-16	100.0	0.0	9.122781081280452e-05	1.0	1.0	0.0	0.0	0.0	5.26777e-11
10061.92	2.0367536820787055e-28	2.55545295719307e-16	100.0	0.0	9.254528509010501e-05	1.0	1.0	0.0	0.0	0.0	5.26777e-11
10062.65	2.064721163236817e-28	2.5905429059971864e-16	100.0	0.0	9.381606149267324e-05	1.0	1.0	0.0	0.0	0.0	5.26777e-11
10063.39	2.0922730425709177e-28	2.625111411820972e-16	100.0	0.0	9.506795392825742e-05	1.0	1.0	0.0	0.0	0.0	5.26777e-11
10064.13	2.1192036079996057e-28	2.658900373966549e-16	100.0	0.0	9.629161532490308e-05	1.0	1.0	0.0	0.0	0.0	5.26777e-11
10064.86	2.1443682568869324e-28	2.690473694285878e-16	100.0	0.0	9.74350376375576e-05	1.0	1.0	0.0	0.0	0.0	5.26777e-11
10065.6	2.1677927369937864e-28	2.719863677712189e-16	100.0	0.0	9.84993907837681e-05	1.0	1.0	0.0	0.0	0.0	5.26777e-11
10066.34	2.192732992480527e-28	2.7511554584501014e-16	100.0	0.0	9.963261718937099e-05	1.0	1.0	0.0	0.0	0.0	5.26777e-11
10067.08	2.226574863310648e-28	2.793615825479616e-16	100.0	0.0	0.00010117031200809821	1.0	1.0	0.0	0.0	0.0	5.26777e-11
10067.81	2.275024258567724e-28	2.8544038095511856e-16	100.0	0.0	0.00010337173829541106	1.0	1.0	0.0	0.0	0.0	5.26777e-11
10068.55	2.3412990076402304e-28	2.9375567234232816e-16	100.0	0.0	0.00010638310663177784	1.0	1.0	0.0	0.0	0.0	5.26777e-11
10069.29	2.4303062870367016e-28	3.049231452354314e-16	100.0	0.0	0.0001104273875476882	1.0	1.0	0.0	0.0	0.0	5.26777e-11
10070.02	2.548493107098965e-28	3.1975168643247567e-16	100.0	0.0	0.00011579751799242229	1.0	1.0	0.0	0.0	0.0	5.26777e-11
10070.76	2.695375498714344e-28	3.3818057379945606e-16	100.0	0.0	0.0001224715075505943	1.0	1.0	0.0	0.0	0.0	5.26777e-11
10071.5	2.862316664242289e-28	3.5912617457972556e-16	100.0	0.0	0.0001300569205011138	1.0	1.0	0.0	0.0	0.0	5.26777e-11
10072.24	3.0469209093437736e-28	3.8228790828399553e-16	100.0	0.0	0.00013844490214174322	1.0	1.0	0.0	0.0	0.0	5.26777e-11
10072.97	3.239274863931128e-28	4.064219744896037e-16	100.0	0.0	0.00014718501230927595	1.0	1.0	0.0	0.0	0.0	5.26777e-11
10073.71	3.4529450286669966e-28	4.332305208122466e-16	100.0	0.0	0.00015689368080695564	1.0	1.0	0.0	0.0	0.0	5.26777e-11
10074.45	3.689990094526201e-28	4.629718449531067e-16	100.0	0.0	0.00016766444969873128	1.0	1.0	0.0	0.0	0.0	5.26777e-11
10075.18	3.939372957475785e-28	4.942611550059244e-16	100.0	0.0	0.0001789958190004434	1.0	1.0	0.0	0.0	0.0	5.26777e-11
10075.92	4.233153598855678e-28	5.311209194136714e-16	100.0	0.0	0.00019234451867369408	1.0	1.0	0.0	0.0	0.0	5.26777e-11
10076.66	4.589927467625982e-28	5.758842526542324e-16	100.0	0.0	0.0002085554820751937	1.0	1.0	0.0	0.0	0.0	5.26777e-11
10077.4	4.967023998474264e-28	6.231974085543602e-16	100.0	0.0	0.00022568985932508605	1.0	1.0	0.0	0.0	0.0	5.26777e-11
10078.13	5.331636101636144e-28	6.689441812471911e-16	100.0	0.0	0.00024225697361648175	1.0	1.0	0.0	0.0	0.0	5.26777e-11
10078.87	5.66963859316011e-28	7.113523268223597e-16	100.0	0.0	0.0002576150098947451	1.0	1.0	0.0	0.0	0.0	5.26777e-11
10079.61	5.921675129002811e-28	7.42974585149768e-16	100.0	0.0	0.00026906695583593524	1.0	1.0	0.0	0.0	0.0	5.26777e-11
10080.34	6.050551398209194e-28	7.591442990505351e-16	100.0	0.0	0.0002749227896463749	1.0	1.0	0.0	0.0	0.0	5.26777e-11
10081.08	6.040484099500413e-28	7.578811856715011e-16	100.0	0.0	0.0002744653553295553	1.0	1.0	0.0	0.0	0.0	5.26777e-11
10081.82	5.902584389194019e-28	7.405793280340627e-16	100.0	0.0	0.00026819951763084877	1.0	1.0	0.0	0.0	0.0	5.26777e-11
10082.56	5.6733821279629e-28	7.118220167591606e-16	100.0	0.0	0.0002577851072897406	1.0	1.0	0.0	0.0	0.0	5.26777e-11
10083.29	5.390774807203501e-28	6.7636413493901085e-16	100.0	0.0	0.00024494409696121784	1.0	1.0	0.0	0.0	0.0	5.26777e-11
10084.03	5.095370956412745e-28	6.393007113786804e-16	100.0	0.0	0.0002315216424795134	1.0	1.0	0.0	0.0	0.0	5.26777e-11
10084.77	4.823485676050469e-28	6.051880913877376e-16	100.0	0.0	0.0002191678163863896	1.0	1.0	0.0	0.0	0.0	5.26777e-11
10085.5	4.598439975035948e-28	5.7695229109331e-16	100.0	0.0	0.0002089422703412559	1.0	1.0	0.0	0.0	0.0	5.26777e-11
10086.24	4.430818589511152e-28	5.559213451769157e-16	100.0	0.0	0.00020132594979789073	1.0	1.0	0.0	0.0	0.0	5.26777e-11
10086.98	4.3194320359774315e-28	5.419460127582805e-16	100.0	0.0	0.0001962648074306597	1.0	1.0	0.0	0.0	0.0	5.26777e-11
10087.71	4.253362834236313e-28	5.336565107701751e-16	100.0	0.0	0.00019326277868039513	1.0	1.0	0.0	0.0	0.0	5.26777e-11
10088.45	4.228315693626901e-28	5.305139221448176e-16	100.0	0.0	0.00019212469566683	1.0	1.0	0.0	0.0	0.0	5.26777e-11
10089.19	4.250119789823533e-28	5.332496158418453e-16	100.0	0.0	0.00019311542238867395	1.0	1.0	0.0	0.0	0.0	5.26777e-11
10089.93	4.3149827161902355e-28	5.413877701240469e-16	100.0	0.0	0.0001960626408300608	1.0	1.0	0.0	0.0	0.0	5.26777e-11
10090.66	4.3998638741683815e-28	5.520375511002053e-16	100.0	0.0	0.00019991944051722207	1.0	1.0	0.0	0.0	0.0	5.26777e-11
10091.4	4.487005019704006e-28	5.62970885848123e-16	100.0	0.0	0.0002038789287104346	1.0	1.0	0.0	0.0	0.0	5.26777e-11
10092.14	4.5669851120717205e-28	5.730057450142572e-16	100.0	0.0	0.00020751303553190786	1.0	1.0	0.0	0.0	0.0	5.26777e-11
10092.87	4.631491733834756e-28	5.810991948404848e-16	100.0	0.0	0.0002104440643321931	1.0	1.0	0.0	0.0	0.0	5.26777e-11
10093.61	4.675465982673348e-28	5.866165102244558e-16	100.0	0.0	0.00021244215051767493	1.0	1.0	0.0	0.0	0.0	5.26777e-11
10094.35	4.695470710915063e-28	5.891264426916435e-16	100.0	0.0	0.0002133511182021669	1.0	1.0	0.0	0.0	0.0	5.26777e-11
10095.09	4.697758381999303e-28	5.894134698313877e-16	100.0	0.0	0.00021345506458240237	1.0	1.0	0.0	0.0	0.0	5.26777e-11
10095.82	4.695509986206847e-28	5.891313704431638e-16	100.0	0.0	0.00021335290277882296	1.0	1.0	0.0	0.0	0.0	5.26777e-11
10096.56	4.699847259706926e-28	5.896755549702108e-16	100.0	0.0	0.0002135499782603161	1.0	1.0	0.0	0.0	0.0	5.26777e-11
10097.3	4.7205689866911225e-28	5.922754470909835e-16	100.0	0.0	0.00021449152467713884	1.0	1.0	0.0	0.0	0.0	5.26777e-11
10098.03	4.7882290495119245e-28	6.007645495848513e-16	100.0	0.0	0.00021756583840395875	1.0	1.0	0.0	0.0	0.0	5.26777e-11
10098.77	4.960099323282983e-28	6.223285905990589e-16	100.0	0.0	0.00022537521841127687	1.0	1.0	0.0	0.0	0.0	5.26777e-11
10099.51	5.269601193817716e-28	6.611608498591752e-16	100.0	0.0	0.00023943825367007398	1.0	1.0	0.0	0.0	0.0	5.26777e-11
10100.25	5.692657150424011e-28	7.14240395259301e-16	100.0	0.0	0.0002586609188640499	1.0	1.0	0.0	0.0	0.0	5.26777e-11
10100.98	6.204337044326361e-28	7.784393167839938e-16	100.0	0.0	0.0002819104468127309	1.0	1.0	0.0	0.0	0.0	5.26777e-11
10101.72	6.847860369471712e-28	8.591802330143274e-16	100.0	0.0	0.0003111506294188706	1.0	1.0	0.0	0.0	0.0	5.26777e-11
10102.46	7.643205941733937e-28	9.589698252714326e-16	100.0	0.0	0.0003472892569700621	1.0	1.0	0.0	0.0	0.0	5.26777e-11
10103.19	8.69042784467556e-28	1.090361575400897e-15	100.0	0.0	0.0003948725511175523	1.0	1.0	0.0	0.0	0.0	5.26777e-11
10103.93	1.0150940797648713e-27	1.2736076977736762e-15	100.0	0.0	0.00046123481612779353	1.0	1.0	0.0	0.0	0.0	5.26777e-11
10104.67	1.1775781256632218e-27	1.4774714930087787e-15	100.0	0.0	0.0005350637355625172	1.0	1.0	0.0	0.0	0.0	5.26777e-11
10105.41	1.3284378424399655e-27	1.666750595705666e-15	100.0	0.0	0.0006036108339208583	1.0	1.0	0.0	0.0	0.0	5.26777e-11
10106.14	1.4380226038933772e-27	1.804243266117147e-15	100.0	0.0	0.0006534035657542271	1.0	1.0	0.0	0.0	0.0	5.26777e-11
10106.88	1.4806236578620002e-27	1.8576935140786737e-15	100.0	0.0	0.0006727604802370889	1.0	1.0	0.0	0.0	0.0	5.26777e-11
10107.62	1.4550803978518227e-27	1.8256451618877793e-15	100.0	0.0	0.0006611542251431497	1.0	1.0	0.0	0.0	0.0	5.26777e-11
10108.35	1.393501518988443e-27	1.7483840136808669e-15	100.0	0.0	0.0006331742344840716	1.0	1.0	0.0	0.0	0.0	5.26777e-11
10109.09	1.3339412168180833e-27	1.6736555123152919e-15	100.0	0.0	0.0006061114374806403	1.0	1.0	0.0	0.0	0.0	5.26777e-11
10109.83	1.3030336667496031e-27	1.6348767483847016e-15	100.0	0.0	0.0005920677754625364	1.0	1.0	0.0	0.0	0.0	5.26777e-11
10110.57	1.302300147515176e-27	1.6339564240895903e-15	100.0	0.0	0.0005917344816172058	1.0	1.0	0.0	0.0	0.0	5.26777e-11
10111.3	1.3179341648052951e-27	1.6535719505365915e-15	100.0	0.0	0.0005988382104576075	1.0	1.0	0.0	0.0	0.0	5.26777e-11
10112.04	1.3389705365306444e-27	1.679965646940416e-15	100.0	0.0	0.0006083966417775743	1.0	1.0	0.0	0.0	0.0	5.26777e-11
10112.78	1.3513594093459982e-27	1.6955095892201584e-15	100.0	0.0	0.0006140258534821129	1.0	1.0	0.0	0.0	0.0	5.26777e-11
10113.51	1.346450327835034e-27	1.689350313813084e-15	100.0	0.0	0.0006117952825890284	1.0	1.0	0.0	0.0	0.0	5.26777e-11
10114.25	1.332863292789842e-27	1.672303073790282e-15	100.0	0.0	0.0006056216542173186	1.0	1.0	0.0	0.0	0.0	5.26777e-11
10114.99	1.3183437593253502e-27	1.6540858563351841e-15	100.0	0.0	0.0005990243205501699	1.0	1.0	0.0	0.0	0.0	5.26777e-11
10115.72	1.3062020706054246e-27	1.638852048429171e-15	100.0	0.0	0.0005935074234705288	1.0	1.0	0.0	0.0	0.0	5.26777e-11
10116.46	1.3021072228503933e-27	1.633714367374793e-15	100.0	0.0	0.0005916468211982737	1.0	1.0	0.0	0.0	0.0	5.26777e-11
10117.2	1.3048901994207047e-27	1.6372060835155213e-15	100.0	0.0	0.0005929113401352701	1.0	1.0	0.0	0.0	0.0	5.26777e-11
10117.94	1.3033152487420889e-27	1.6352300407546732e-15	100.0	0.0	0.000592195719680829	1.0	1.0	0.0	0.0	0.0	5.26777e-11
10118.67	1.290828223100575e-27	1.6195629491063668e-15	100.0	0.0	0.000586521909646314	1.0	1.0	0.0	0.0	0.0	5.26777e-11
10119.41	1.2681339499552739e-27	1.5910891341670376e-15	100.0	0.0	0.0005762101670108419	1.0	1.0	0.0	0.0	0.0	5.26777e-11
10120.15	1.2383845999854228e-27	1.5537635287077468e-15	100.0	0.0	0.000562692763809708	1.0	1.0	0.0	0.0	0.0	5.26777e-11
10120.88	1.2032356136558137e-27	1.5096631635783381e-15	100.0	0.0	0.0005467218931584175	1.0	1.0	0.0	0.0	0.0	5.26777e-11
10121.62	1.162480954434478e-27	1.4585295310026668e-15	100.0	0.0	0.0005282039369147383	1.0	1.0	0.0	0.0	0.0	5.26777e-11
10122.36	1.1257171754798782e-27	1.4124031346329098e-15	100.0	0.0	0.0005114993425679607	1.0	1.0	0.0	0.0	0.0	5.26777e-11
10123.1	1.1049986456897311e-27	1.3864082248474082e-15	100.0	0.0	0.0005020853311293261	1.0	1.0	0.0	0.0	0.0	5.26777e-11
10123.83	1.1001396706863297e-27	1.3803118165528632e-15	100.0	0.0	0.0004998775274518753	1.0	1.0	0.0	0.0	0.0	5.26777e-11
10124.57	1.1020914609451853e-27	1.3827606684845918e-15	100.0	0.0	0.0005007643749265171	1.0	1.0	0.0	0.0	0.0	5.26777e-11
10125.31	1.1007146255645576e-27	1.3810331949683037e-15	100.0	0.0	0.0005001387733923528	1.0	1.0	0.0	0.0	0.0	5.26777e-11
10126.04	1.0842292358686474e-27	1.360349477433104e-15	100.0	0.0	0.0004926482010042748	1.0	1.0	0.0	0.0	0.0	5.26777e-11
10126.78	1.0419165350924349e-27	1.3072610174603484e-15	100.0	0.0	0.0004734223074133011	1.0	1.0	0.0	0.0	0.0	5.26777e-11
10127.52	9.838170840247363e-28	1.23436540158464e-15	100.0	0.0	0.0004470232867072176	1.0	1.0	0.0	0.0	0.0	5.26777e-11
10128.26	9.267108533696587e-28	1.1627159491811811e-15	100.0	0.0	0.0004210755619386453	1.0	1.0	0.0	0.0	0.0	5.26777e-11
10128.99	8.884104017826293e-28	1.1146615363520297e-15	100.0	0.0	0.00040367273977910033	1.0	1.0	0.0	0.0	0.0	5.26777e-11
10129.73	8.732201964986382e-28	1.095602847343682e-15	100.0	0.0	0.0003967706686501583	1.0	1.0	0.0	0.0	0.0	5.26777e-11
10130.47	8.687805026592632e-28	1.0900324983855873e-15	100.0	0.0	0.0003947533764479004	1.0	1.0	0.0	0.0	0.0	5.26777e-11
10131.2	8.65702945938431e-28	1.0861711814809562e-15	100.0	0.0	0.00039335500723606864	1.0	1.0	0.0	0.0	0.0	5.26777e-11
10131.94	8.664988795703362e-28	1.0871698152240932e-15	100.0	0.0	0.0003937166607120172	1.0	1.0	0.0	0.0	0.0	5.26777e-11
10132.68	8.974181117913748e-28	1.1259632363965306e-15	100.0	0.0	0.0004077656308248038	1.0	1.0	0.0	0.0	0.0	5.26777e-11
10133.42	9.952551378210852e-28	1.2487163801323168e-15	100.0	0.0	0.00045222046866777124	1.0	1.0	0.0	0.0	0.0	5.26777e-11
10134.15	1.1691454670187032e-27	1.4668912924377693e-15	100.0	0.0	0.0005312321342982542	1.0	1.0	0.0	0.0	0.0	5.26777e-11
10134.89	1.4090724597527797e-27	1.7679203999275789e-15	100.0	0.0	0.0006402493028383656	1.0	1.0	0.0	0.0	0.0	5.26777e-11
10135.63	1.706708162060727e-27	2.141354871813654e-15	100.0	0.0	0.0007754879483626024	1.0	1.0	0.0	0.0	0.0	5.26777e-11
10136.36	2.119538621454278e-27	2.659320705168586e-15	100.0	0.0	0.0009630683754639431	1.0	1.0	0.0	0.0	0.0	5.26777e-11
10137.1	2.6340501305191737e-27	3.3048626619200107e-15	100.0	0.0	0.0011968502741172675	1.0	1.0	0.0	0.0	0.0	5.26777e-11
10137.84	3.128026173421494e-27	3.924639393256975e-15	100.0	0.0	0.0014213013411280826	1.0	1.0	0.0	0.0	0.0	5.26777e-11
10138.57	3.2443334829212884e-27	4.070566640434493e-15	100.0	0.0	0.0014741486402906213	1.0	1.0	0.0	0.0	0.0	5.26777e-11
10139.31	2.7982335304825435e-27	3.510858585064827e-15	100.0	0.0	0.0012714513399720519	1.0	1.0	0.0	0.0	0.0	5.26777e-11
10140.05	1.9607437624388265e-27	2.460085620617792e-15	100.0	0.0	0.0008909157355657814	1.0	1.0	0.0	0.0	0.0	5.26777e-11
10140.79	1.2213442238508433e-27	1.5323834865514705e-15	100.0	0.0	0.0005549500186692756	1.0	1.0	0.0	0.0	0.0	5.26777e-11
10141.52	8.240709514992695e-28	1.0339367830657192e-15	100.0	0.0	0.0003744384105550716	1.0	1.0	0.0	0.0	0.0	5.26777e-11
10142.26	6.493976121297496e-28	8.147794516897106e-16	100.0	0.0	0.0002950709635641584	1.0	1.0	0.0	0.0	0.0	5.26777e-11
10143.0	5.634464501987821e-28	7.0693914048109e-16	100.0	0.0	0.0002560167821247565	1.0	1.0	0.0	0.0	0.0	5.26777e-11
10143.73	5.034336969496769e-28	6.316429624949502e-16	100.0	0.0	0.00022874840201895854	1.0	1.0	0.0	0.0	0.0	5.26777e-11
10144.47	4.6593248224609205e-28	5.845913278982711e-16	100.0	0.0	0.00021170873425497812	1.0	1.0	0.0	0.0	0.0	5.26777e-11
10145.21	4.610031257380907e-28	5.784066140684797e-16	100.0	0.0	0.00020946895088128043	1.0	1.0	0.0	0.0	0.0	5.26777e-11
10145.95	4.817935832815266e-28	6.044917694204742e-16	100.0	0.0	0.00021891564459510893	1.0	1.0	0.0	0.0	0.0	5.26777e-11
10146.68	5.18543185974891e-28	6.506003792660115e-16	100.0	0.0	0.00023561379758302664	1.0	1.0	0.0	0.0	0.0	5.26777e-11
10147.42	5.699725853256641e-28	7.151272839251277e-16	100.0	0.0	0.00025898210405429604	1.0	1.0	0.0	0.0	0.0	5.26777e-11
10148.16	6.380339974381314e-28	8.005218696248724e-16	100.0	0.0	0.00028990760497768167	1.0	1.0	0.0	0.0	0.0	5.26777e-11
10148.89	7.222264045676392e-28	9.06155524624687e-16	100.0	0.0	0.00032816264970292504	1.0	1.0	0.0	0.0	0.0	5.26777e-11
10149.63	8.176659699657009e-28	1.0259006473539032e-15	100.0	0.0	0.00037152813796179453	1.0	1.0	0.0	0.0	0.0	5.26777e-11
10150.37	9.087218735943473e-28	1.140145722860643e-15	100.0	0.0	0.0004129017936698812	1.0	1.0	0.0	0.0	0.0	5.26777e-11
10151.11	9.79920737220639e-28	1.2294767736418549e-15	100.0	0.0	0.0004452528785868449	1.0	1.0	0.0	0.0	0.0	5.26777e-11
10151.84	1.0210728018343256e-27	1.2811090186879606e-15	100.0	0.0	0.00046395140647085095	1.0	1.0	0.0	0.0	0.0	5.26777e-11
10152.58	1.0380035251583434e-27	1.3023514827946767e-15	100.0	0.0	0.00047164432795953964	1.0	1.0	0.0	0.0	0.0	5.26777e-11
10153.32	1.0405501023739594e-27	1.305546595848173e-15	100.0	0.0	0.00047280143260354653	1.0	1.0	0.0	0.0	0.0	5.26777e-11
10154.05	1.0330400085561826e-27	1.2961239093327137e-15	100.0	0.0	0.0004693890230444768	1.0	1.0	0.0	0.0	0.0	5.26777e-11
10154.79	1.0151024710467182e-27	1.2736182260600367e-15	100.0	0.0	0.00046123862892841655	1.0	1.0	0.0	0.0	0.0	5.26777e-11
10155.53	9.890478839427362e-28	1.240928327301458e-15	100.0	0.0	0.0004494000388590367	1.0	1.0	0.0	0.0	0.0	5.26777e-11
10156.27	9.592710052986044e-28	1.2035681824510187e-15	100.0	0.0	0.0004358701272773761	1.0	1.0	0.0	0.0	0.0	5.26777e-11
10157.0	9.263881391136907e-28	1.1623110494100413e-15	100.0	0.0	0.00042092892818963577	1.0	1.0	0.0	0.0	0.0	5.26777e-11
10157.74	8.907067472348852e-28	1.117542691215447e-15	100.0	0.0	0.0004047161450097588	1.0	1.0	0.0	0.0	0.0	5.26777e-11
10158.48	8.576767497317825e-28	1.0761009569801916e-15	100.0	0.0	0.0003897080929200709	1.0	1.0	0.0	0.0	0.0	5.26777e-11
10159.21	8.313141953322755e-28	1.0430246610136477e-15	100.0	0.0	0.0003777295697728055	1.0	1.0	0.0	0.0	0.0	5.26777e-11
10159.95	8.055440637832845e-28	1.0106916599966015e-15	100.0	0.0	0.00036602022960076835	1.0	1.0	0.0	0.0	0.0	5.26777e-11
10160.69	7.726749469851617e-28	9.69451777893449e-16	100.0	0.0	0.000351085277910205	1.0	1.0	0.0	0.0	0.0	5.26777e-11
10161.43	7.321899717334009e-28	9.186565095999302e-16	100.0	0.0	0.00033268985970373745	1.0	1.0	0.0	0.0	0.0	5.26777e-11
10162.16	6.829586902442073e-28	8.568875166309011e-16	100.0	0.0	0.00031032032616191686	1.0	1.0	0.0	0.0	0.0	5.26777e-11
10162.9	6.23885895292992e-28	7.827706757600519e-16	100.0	0.0	0.0002834790409445015	1.0	1.0	0.0	0.0	0.0	5.26777e-11
10163.64	5.645845930965536e-28	7.083671337919209e-16	100.0	0.0	0.0002565339274225622	1.0	1.0	0.0	0.0	0.0	5.26777e-11
10164.37	5.080849601904286e-28	6.374787611523173e-16	100.0	0.0	0.00023086182636885427	1.0	1.0	0.0	0.0	0.0	5.26777e-11
10165.11	4.573679555008715e-28	5.738456764281847e-16	100.0	0.0	0.00020781721523492004	1.0	1.0	0.0	0.0	0.0	5.26777e-11
10165.85	4.20100020156645e-28	5.270867303553901e-16	100.0	0.0	0.0001908835441116105	1.0	1.0	0.0	0.0	0.0	5.26777e-11
10166.58	3.9289915945843137e-28	4.929586369481871e-16	100.0	0.0	0.00017852411434765767	1.0	1.0	0.0	0.0	0.0	5.26777e-11
10167.32	3.717237835188898e-28	4.663905361805237e-16	100.0	0.0	0.0001689025227901799	1.0	1.0	0.0	0.0	0.0	5.26777e-11
10168.06	3.5668915225634867e-28	4.475270411697002e-16	100.0	0.0	0.00016207114082848666	1.0	1.0	0.0	0.0	0.0	5.26777e-11
10168.8	3.458392774029963e-28	4.3391403286970947e-16	100.0	0.0	0.0001571412135116465	1.0	1.0	0.0	0.0	0.0	5.26777e-11
10169.53	3.362692660314569e-28	4.219068303911004e-16	100.0	0.0	0.00015279282598453642	1.0	1.0	0.0	0.0	0.0	5.26777e-11
10170.27	3.2650629845656264e-28	4.0965753162720625e-16	100.0	0.0	0.00014835676370811076	1.0	1.0	0.0	0.0	0.0	5.26777e-11
10171.01	3.1686825463256447e-28	3.975649708976949e-16	100.0	0.0	0.0001439774638386611	1.0	1.0	0.0	0.0	0.0	5.26777e-11
10171.74	3.080832008452919e-28	3.8654263084876295e-16	100.0	0.0	0.00013998574253024407	1.0	1.0	0.0	0.0	0.0	5.26777e-11
10172.48	3.014677934310608e-28	3.782424801783685e-16	100.0	0.0	0.00013697985737818003	1.0	1.0	0.0	0.0	0.0	5.26777e-11
10173.22	2.989132604656271e-28	3.750373852873151e-16	100.0	0.0	0.00013581913782903526	1.0	1.0	0.0	0.0	0.0	5.26777e-11
10173.96	3.003616928976809e-28	3.768546894485176e-16	100.0	0.0	0.0001364772713752644	1.0	1.0	0.0	0.0	0.0	5.26777e-11
10174.69	3.0404007581173733e-28	3.8146984472140287e-16	100.0	0.0	0.00013814864184311841	1.0	1.0	0.0	0.0	0.0	5.26777e-11
10175.43	3.0801024946203794e-28	3.8645110096485597e-16	100.0	0.0	0.00013995259514172889	1.0	1.0	0.0	0.0	0.0	5.26777e-11
10176.17	3.1025974626969647e-28	3.892734762574149e-16	100.0	0.0	0.0001409747134528718	1.0	1.0	0.0	0.0	0.0	5.26777e-11
10176.9	3.090490799730666e-28	3.877544900416939e-16	100.0	0.0	0.0001404246152325694	1.0	1.0	0.0	0.0	0.0	5.26777e-11
10177.64	3.036715498508723e-28	3.810074663961388e-16	100.0	0.0	0.00013798119233554443	1.0	1.0	0.0	0.0	0.0	5.26777e-11
10178.38	2.9406118579784776e-28	3.689496346342053e-16	100.0	0.0	0.0001336144695013962	1.0	1.0	0.0	0.0	0.0	5.26777e-11
10179.12	2.8130073164129097e-28	3.5293948053632776e-16	100.0	0.0	0.0001278164199964972	1.0	1.0	0.0	0.0	0.0	5.26777e-11
10179.85	2.677573744419599e-28	3.359470417795555e-16	100.0	0.0	0.00012166263780811774	1.0	1.0	0.0	0.0	0.0	5.26777e-11
10180.59	2.548650810456718e-28	3.1977147299358396e-16	100.0	0.0	0.00011580468366116828	1.0	1.0	0.0	0.0	0.0	5.26777e-11
10181.33	2.449309049475266e-28	3.073073640978177e-16	100.0	0.0	0.00011129082826850313	1.0	1.0	0.0	0.0	0.0	5.26777e-11
10182.06	2.3957087832273286e-28	3.005823015585992e-16	100.0	0.0	0.00010885535854800247	1.0	1.0	0.0	0.0	0.0	5.26777e-11
10182.8	2.3899203587997222e-28	2.9985604553406517e-16	100.0	0.0	0.00010859234618986172	1.0	1.0	0.0	0.0	0.0	5.26777e-11
10183.54	2.426692609262366e-28	3.044697480654141e-16	100.0	0.0	0.00011026319054989104	1.0	1.0	0.0	0.0	0.0	5.26777e-11
10184.28	2.4965219173537107e-28	3.132310191720239e-16	100.0	0.0	0.0001134360696671944	1.0	1.0	0.0	0.0	0.0	5.26777e-11
10185.01	2.5992946084900824e-28	3.261255964492865e-16	100.0	0.0	0.00011810581843670972	1.0	1.0	0.0	0.0	0.0	5.26777e-11
10185.75	2.7433995061385948e-28	3.442060000877893e-16	100.0	0.0	0.00012465360521775586	1.0	1.0	0.0	0.0	0.0	5.26777e-11
10186.49	2.913959794622817e-28	3.656056812285088e-16	100.0	0.0	0.0001324034625823014	1.0	1.0	0.0	0.0	0.0	5.26777e-11
10187.22	3.0903010506698403e-28	3.8773068280359333e-16	100.0	0.0	0.00014041599348263258	1.0	1.0	0.0	0.0	0.0	5.26777e-11
10187.96	3.2578702752939484e-28	4.087550842502716e-16	100.0	0.0	0.00014802994395765457	1.0	1.0	0.0	0.0	0.0	5.26777e-11
10188.7	3.3940571438441523e-28	4.258420368371104e-16	100.0	0.0	0.0001542179541654693	1.0	1.0	0.0	0.0	0.0	5.26777e-11
10189.43	3.4981092989523552e-28	4.3889714457120777e-16	100.0	0.0	0.00015894583876116604	1.0	1.0	0.0	0.0	0.0	5.26777e-11
10190.17	3.569721363826208e-28	4.478820927543292e-16	100.0	0.0	0.00016219972214331262	1.0	1.0	0.0	0.0	0.0	5.26777e-11
10190.91	3.59852605207013e-28	4.514961294639046e-16	100.0	0.0	0.0001635085392619073	1.0	1.0	0.0	0.0	0.0	5.26777e-11
10191.65	3.595847330141051e-28	4.511600383628846e-16	100.0	0.0	0.0001633868244532954	1.0	1.0	0.0	0.0	0.0	5.26777e-11
10192.38	3.584115030606891e-28	4.496880223894733e-16	100.0	0.0	0.0001628537364246816	1.0	1.0	0.0	0.0	0.0	5.26777e-11
10193.12	3.584836358553774e-28	4.4977852521518e-16	100.0	0.0	0.00016288651186585303	1.0	1.0	0.0	0.0	0.0	5.26777e-11
10193.86	3.611185193796875e-28	4.530844335109664e-16	100.0	0.0	0.0001640837408144593	1.0	1.0	0.0	0.0	0.0	5.26777e-11
10194.59	3.6666015624519803e-28	4.600373569009003e-16	100.0	0.0	0.00016660172994636597	1.0	1.0	0.0	0.0	0.0	5.26777e-11
10195.33	3.732741784182184e-28	4.683357695512388e-16	100.0	0.0	0.00016960698567748483	1.0	1.0	0.0	0.0	0.0	5.26777e-11
10196.07	3.78060503873651e-28	4.743410266654377e-16	100.0	0.0	0.0001717817791132574	1.0	1.0	0.0	0.0	0.0	5.26777e-11
10196.81	3.786782829565657e-28	4.751161353092649e-16	100.0	0.0	0.00017206248336264256	1.0	1.0	0.0	0.0	0.0	5.26777e-11
10197.54	3.7372610404287026e-28	4.689027869005185e-16	100.0	0.0	0.0001698123300259003	1.0	1.0	0.0	0.0	0.0	5.26777e-11
10198.28	3.6293821030874784e-28	4.553675444275005e-16	100.0	0.0	0.00016491056546825788	1.0	1.0	0.0	0.0	0.0	5.26777e-11
10199.02	3.468825494366831e-28	4.352229945900688e-16	100.0	0.0	0.0001576152517256614	1.0	1.0	0.0	0.0	0.0	5.26777e-11
10199.75	3.2756466918197554e-28	4.109854372172934e-16	100.0	0.0	0.00014883766241165154	1.0	1.0	0.0	0.0	0.0	5.26777e-11
10200.49	3.0626065554228633e-28	3.8425593863597134e-16	100.0	0.0	0.00013915762091622474	1.0	1.0	0.0	0.0	0.0	5.26777e-11
10201.23	2.851677249849808e-28	3.577912795842581e-16	100.0	0.0	0.00012957349059655165	1.0	1.0	0.0	0.0	0.0	5.26777e-11
10201.97	2.6734936848178656e-28	3.3543512909877757e-16	100.0	0.0	0.00012147724951971086	1.0	1.0	0.0	0.0	0.0	5.26777e-11
10202.7	2.5500808846211372e-28	3.1995090005364657e-16	100.0	0.0	0.00011586966285939469	1.0	1.0	0.0	0.0	0.0	5.26777e-11
10203.44	2.4890834167622673e-28	3.1229773310504663e-16	100.0	0.0	0.0001130980817386907	1.0	1.0	0.0	0.0	0.0	5.26777e-11
10204.18	2.490060554714552e-28	3.124203316348406e-16	100.0	0.0	0.00011314248058336313	1.0	1.0	0.0	0.0	0.0	5.26777e-11
10204.91	2.5291532912981795e-28	3.1732517850888393e-16	100.0	0.0	0.00011491876236152679	1.0	1.0	0.0	0.0	0.0	5.26777e-11
10205.65	2.5820960887385513e-28	3.239677504345668e-16	100.0	0.0	0.00011732435824958056	1.0	1.0	0.0	0.0	0.0	5.26777e-11
10206.39	2.622635622767407e-28	3.2905412258790133e-16	100.0	0.0	0.00011916637909242072	1.0	1.0	0.0	0.0	0.0	5.26777e-11
10207.13	2.6321576709680178e-28	3.3024882504244417e-16	100.0	0.0	0.0001195990385117315	1.0	1.0	0.0	0.0	0.0	5.26777e-11
10207.86	2.604001313421459e-28	3.267161324154838e-16	100.0	0.0	0.0001183196800114018	1.0	1.0	0.0	0.0	0.0	5.26777e-11
10208.6	2.538279392735586e-28	3.1847020272615024e-16	100.0	0.0	0.00011533343089347418	1.0	1.0	0.0	0.0	0.0	5.26777e-11
10209.34	2.4483953970461922e-28	3.071927309037173e-16	100.0	0.0	0.00011124931405632033	1.0	1.0	0.0	0.0	0.0	5.26777e-11
10210.07	2.3539755359674096e-28	2.953461578333164e-16	100.0	0.0	0.00010695909819045973	1.0	1.0	0.0	0.0	0.0	5.26777e-11
10210.81	2.2720207951025293e-28	2.850635455203045e-16	100.0	0.0	0.00010323526799706823	1.0	1.0	0.0	0.0	0.0	5.26777e-11
10211.55	2.21968970226009e-28	2.784977223118312e-16	100.0	0.0	0.0001008574665236777	1.0	1.0	0.0	0.0	0.0	5.26777e-11
10212.29	2.207726865972328e-28	2.7699678159244206e-16	100.0	0.0	0.00010031390344853586	1.0	1.0	0.0	0.0	0.0	5.26777e-11
10213.02	2.240503887326918e-28	2.811092148672935e-16	100.0	0.0	0.00010180321401777914	1.0	1.0	0.0	0.0	0.0	5.26777e-11
10213.76	2.3087573547747227e-28	2.8967277003662373e-16	100.0	0.0	0.00010490449065173061	1.0	1.0	0.0	0.0	0.0	5.26777e-11
10214.5	2.402708536158284e-28	3.0146053928977026e-16	100.0	0.0	0.00010917341081728543	1.0	1.0	0.0	0.0	0.0	5.26777e-11
10215.23	2.5122287569005995e-28	3.152017086040071e-16	100.0	0.0	0.0001141497514228831	1.0	1.0	0.0	0.0	0.0	5.26777e-11
10215.97	2.6276029812551954e-28	3.296773619638136e-16	100.0	0.0	0.0001193920841501516	1.0	1.0	0.0	0.0	0.0	5.26777e-11
10216.71	2.7431005861011895e-28	3.441684954989785e-16	100.0	0.0	0.0001246400229960448	1.0	1.0	0.0	0.0	0.0	5.26777e-11
10217.44	2.852505296449873e-28	3.578951720751101e-16	100.0	0.0	0.0001296111150817043	1.0	1.0	0.0	0.0	0.0	5.26777e-11
10218.18	2.9522946598228777e-28	3.704154402828837e-16	100.0	0.0	0.0001341453084716922	1.0	1.0	0.0	0.0	0.0	5.26777e-11
10218.92	3.049954024641495e-28	3.8266846404413827e-16	100.0	0.0	0.00013858271974944347	1.0	1.0	0.0	0.0	0.0	5.26777e-11
10219.66	3.1473122622459665e-28	3.948837062888231e-16	100.0	0.0	0.00014300644851657665	1.0	1.0	0.0	0.0	0.0	5.26777e-11
10220.39	3.2342355924387626e-28	4.0578971240751817e-16	100.0	0.0	0.00014695603969417238	1.0	1.0	0.0	0.0	0.0	5.26777e-11
10221.13	3.3074604315679615e-28	4.14977010475968e-16	100.0	0.0	0.0001502832037359099	1.0	1.0	0.0	0.0	0.0	5.26777e-11
10221.87	3.357385291596845e-28	4.2124093096477516e-16	100.0	0.0	0.0001525516716636277	1.0	1.0	0.0	0.0	0.0	5.26777e-11
10222.6	3.371129672763299e-28	4.229653967067865e-16	100.0	0.0	0.00015317618393756075	1.0	1.0	0.0	0.0	0.0	5.26777e-11
10223.34	3.3428946618683053e-28	4.1942283568318983e-16	100.0	0.0	0.00015189325161452571	1.0	1.0	0.0	0.0	0.0	5.26777e-11
10224.08	3.2680259723410732e-28	4.1002928870021495e-16	100.0	0.0	0.00014849139488654436	1.0	1.0	0.0	0.0	0.0	5.26777e-11
10224.82	3.155612332168103e-28	3.9592509084180383e-16	100.0	0.0	0.00014338358412407338	1.0	1.0	0.0	0.0	0.0	5.26777e-11
10225.55	3.014125948297826e-28	3.7817322417058e-16	100.0	0.0	0.00013695477643522254	1.0	1.0	0.0	0.0	0.0	5.26777e-11
10226.29	2.8456500279636957e-28	3.5703506236820257e-16	100.0	0.0	0.00012929962784492905	1.0	1.0	0.0	0.0	0.0	5.26777e-11
10227.03	2.671487991783172e-28	3.351834808881065e-16	100.0	0.0	0.00012138611555720366	1.0	1.0	0.0	0.0	0.0	5.26777e-11
10227.76	2.5082393638643196e-28	3.14701171581702e-16	100.0	0.0	0.00011396848280943831	1.0	1.0	0.0	0.0	0.0	5.26777e-11
10228.5	2.360354800443393e-28	2.961465447634253e-16	100.0	0.0	0.00010724895692732601	1.0	1.0	0.0	0.0	0.0	5.26777e-11
10229.24	2.235973515598677e-28	2.8054080289229705e-16	100.0	0.0	0.00010159736460808209	1.0	1.0	0.0	0.0	0.0	5.26777e-11
10229.98	2.1301086144749635e-28	2.67258255423747e-16	100.0	0.0	9.678711310750262e-05	1.0	1.0	0.0	0.0	0.0	5.26777e-11
10230.71	2.037234790718323e-28	2.556056589584487e-16	100.0	0.0	9.256714553233938e-05	1.0	1.0	0.0	0.0	0.0	5.26777e-11
10231.45	1.9531173065846954e-28	2.450516938191034e-16	100.0	0.0	8.874504538409567e-05	1.0	1.0	0.0	0.0	0.0	5.26777e-11
10232.19	1.876169349510531e-28	2.353972674549663e-16	100.0	0.0	8.524871164124373e-05	1.0	1.0	0.0	0.0	0.0	5.26777e-11
10232.92	1.8037220544850901e-28	2.2630752548261093e-16	100.0	0.0	8.195687737030056e-05	1.0	1.0	0.0	0.0	0.0	5.26777e-11
10233.66	1.7341414414667453e-28	2.1757745739113884e-16	100.0	0.0	7.879529837074525e-05	1.0	1.0	0.0	0.0	0.0	5.26777e-11
10234.4	1.6693988314655178e-28	2.0945439883772656e-16	100.0	0.0	7.585354682132567e-05	1.0	1.0	0.0	0.0	0.0	5.26777e-11
10235.14	1.6099471519618005e-28	2.0199517725709766e-16	100.0	0.0	7.315220267884607e-05	1.0	1.0	0.0	0.0	0.0	5.26777e-11
10235.87	1.5604864364783437e-28	1.9578949157408037e-16	100.0	0.0	7.090482438492028e-05	1.0	1.0	0.0	0.0	0.0	5.26777e-11
10236.61	1.523761454114806e-28	1.911817196275e-16	100.0	0.0	6.923612777586644e-05	1.0	1.0	0.0	0.0	0.0	5.26777e-11
10237.35	1.5009736052443468e-28	1.8832259747166567e-16	100.0	0.0	6.82007016519993e-05	1.0	1.0	0.0	0.0	0.0	5.26777e-11
10238.08	1.490628683032937e-28	1.8702465151532896e-16	100.0	0.0	6.773065277779631e-05	1.0	1.0	0.0	0.0	0.0	5.26777e-11
10238.82	1.4890588009149626e-28	1.8682768317614678e-16	100.0	0.0	6.765932103579719e-05	1.0	1.0	0.0	0.0	0.0	5.26777e-11
10239.56	1.4920205235526253e-28	1.8719928151616189e-16	100.0	0.0	6.77938947293528e-05	1.0	1.0	0.0	0.0	0.0	5.26777e-11
10240.29	1.4952797574549843e-28	1.8760820769055658e-16	100.0	0.0	6.794198663330916e-05	1.0	1.0	0.0	0.0	0.0	5.26777e-11
10241.03	1.496376545431912e-28	1.877458183453802e-16	100.0	0.0	6.799182209299251e-05	1.0	1.0	0.0	0.0	0.0	5.26777e-11
10241.77	1.495030418745827e-28	1.875769239203459e-16	100.0	0.0	6.793065727025166e-05	1.0	1.0	0.0	0.0	0.0	5.26777e-11
10242.51	1.4924578664996192e-28	1.8725415360683422e-16	100.0	0.0	6.781376656170435e-05	1.0	1.0	0.0	0.0	0.0	5.26777e-11
10243.24	1.4896715757628023e-28	1.8690456617436025e-16	100.0	0.0	6.76871640800928e-05	1.0	1.0	0.0	0.0	0.0	5.26777e-11
10243.98	1.487906910897218e-28	1.8668315903569192e-16	100.0	0.0	6.760698186929777e-05	1.0	1.0	0.0	0.0	0.0	5.26777e-11
10244.72	1.4887476171074335e-28	1.8678863988936263e-16	100.0	0.0	6.764518157728701e-05	1.0	1.0	0.0	0.0	0.0	5.26777e-11
10245.45	1.4929143200556566e-28	1.8731142344755487e-16	100.0	0.0	6.78345067350722e-05	1.0	1.0	0.0	0.0	0.0	5.26777e-11
10246.19	1.5024387459860599e-28	1.8850642422862987e-16	100.0	0.0	6.826727419281856e-05	1.0	1.0	0.0	0.0	0.0	5.26777e-11
10246.93	1.5191115430600441e-28	1.9059830941643074e-16	100.0	0.0	6.902484678102008e-05	1.0	1.0	0.0	0.0	0.0	5.26777e-11
10247.67	1.541757525382426e-28	1.9343963200754592e-16	100.0	0.0	7.005382682343314e-05	1.0	1.0	0.0	0.0	0.0	5.26777e-11
10248.4	1.5686479235711303e-28	1.968134885605529e-16	100.0	0.0	7.12756631153996e-05	1.0	1.0	0.0	0.0	0.0	5.26777e-11
10249.14	1.5989255651523412e-28	2.0061233224972058e-16	100.0	0.0	7.26514077607361e-05	1.0	1.0	0.0	0.0	0.0	5.26777e-11
10249.88	1.629435703696451e-28	2.0444034662637033e-16	100.0	0.0	7.40377165198893e-05	1.0	1.0	0.0	0.0	0.0	5.26777e-11
10250.61	1.6602821836678543e-28	2.0831056073991347e-16	100.0	0.0	7.543930784047857e-05	1.0	1.0	0.0	0.0	0.0	5.26777e-11
10251.35	1.6912166419901423e-28	2.1219181322981577e-16	100.0	0.0	7.684489668989815e-05	1.0	1.0	0.0	0.0	0.0	5.26777e-11
10252.09	1.7189303573274148e-28	2.1566896888376603e-16	100.0	0.0	7.810414257189224e-05	1.0	1.0	0.0	0.0	0.0	5.26777e-11
10252.83	1.7447600840467199e-28	2.1890974621040728e-16	100.0	0.0	7.927778445312254e-05	1.0	1.0	0.0	0.0	0.0	5.26777e-11
10253.56	1.7718979908806846e-28	2.223146569210685e-16	100.0	0.0	8.051086695435791e-05	1.0	1.0	0.0	0.0	0.0	5.26777e-11
10254.3	1.8009094052305416e-28	2.259546309270087e-16	100.0	0.0	8.182907721979094e-05	1.0	1.0	0.0	0.0	0.0	5.26777e-11
10255.04	1.832902188134174e-28	2.299686681863637e-16	100.0	0.0	8.328275384288694e-05	1.0	1.0	0.0	0.0	0.0	5.26777e-11
10255.77	1.8683995261900142e-28	2.344224113319118e-16	100.0	0.0	8.489566918911809e-05	1.0	1.0	0.0	0.0	0.0	5.26777e-11
10256.51	1.9063374156137912e-28	2.3918236304186574e-16	100.0	0.0	8.661947743521737e-05	1.0	1.0	0.0	0.0	0.0	5.26777e-11
10257.25	1.9448780365253478e-28	2.4401793764016357e-16	100.0	0.0	8.837067237901119e-05	1.0	1.0	0.0	0.0	0.0	5.26777e-11
10257.99	1.9846470906806684e-28	2.490076400249048e-16	100.0	0.0	9.017768443302241e-05	1.0	1.0	0.0	0.0	0.0	5.26777e-11
10258.72	2.0235834509751713e-28	2.538928668411084e-16	100.0	0.0	9.194686084130967e-05	1.0	1.0	0.0	0.0	0.0	5.26777e-11
10259.46	2.0611156876791313e-28	2.5860192253690153e-16	100.0	0.0	9.36522371842616e-05	1.0	1.0	0.0	0.0	0.0	5.26777e-11
10260.2	2.0969627701717097e-28	2.630995470542124e-16	100.0	0.0	9.528104409307659e-05	1.0	1.0	0.0	0.0	0.0	5.26777e-11
10260.93	2.1292735380130515e-28	2.671534809174897e-16	100.0	0.0	9.674916920200257e-05	1.0	1.0	0.0	0.0	0.0	5.26777e-11
10261.67	2.1585659959349554e-28	2.7082871660645064e-16	100.0	0.0	9.808014942470961e-05	1.0	1.0	0.0	0.0	0.0	5.26777e-11
10262.41	2.186003480428365e-28	2.742712144157617e-16	100.0	0.0	9.932684402845099e-05	1.0	1.0	0.0	0.0	0.0	5.26777e-11
10263.14	2.211733714130631e-28	2.7749950865586923e-16	100.0	0.0	0.00010049596518157	1.0	1.0	0.0	0.0	0.0	5.26777e-11
10263.88	2.2357156348187898e-28	2.805084473744274e-16	100.0	0.0	0.00010158564711347097	1.0	1.0	0.0	0.0	0.0	5.26777e-11
10264.62	2.257103894458114e-28	2.831919673221484e-16	100.0	0.0	0.00010255747920260327	1.0	1.0	0.0	0.0	0.0	5.26777e-11
10265.36	2.2739873491387267e-28	2.8531028307975996e-16	100.0	0.0	0.00010332462357576503	1.0	1.0	0.0	0.0	0.0	5.26777e-11
10266.09	2.2828695875698295e-28	2.8642471054661446e-16	100.0	0.0	0.00010372821154768206	1.0	1.0	0.0	0.0	0.0	5.26777e-11
10266.83	2.281698623884093e-28	2.8627779329099294e-16	100.0	0.0	0.00010367500571868068	1.0	1.0	0.0	0.0	0.0	5.26777e-11
10267.57	2.269690977080951e-28	2.8477123033239785e-16	100.0	0.0	0.00010312940655937343	1.0	1.0	0.0	0.0	0.0	5.26777e-11
10268.3	2.2487482724594144e-28	2.821436128189189e-16	100.0	0.0	0.00010217781943972726	1.0	1.0	0.0	0.0	0.0	5.26777e-11
10269.04	2.2209271739569263e-28	2.786529841255178e-16	100.0	0.0	0.00010091369431989201	1.0	1.0	0.0	0.0	0.0	5.26777e-11
10269.78	2.18900843079727e-28	2.746482364078663e-16	100.0	0.0	9.946338188819262e-05	1.0	1.0	0.0	0.0	0.0	5.26777e-11
10270.52	2.1570123932724936e-28	2.7063379080108576e-16	100.0	0.0	9.800955738278556e-05	1.0	1.0	0.0	0.0	0.0	5.26777e-11
10271.25	2.130153087769055e-28	2.6726383535282246e-16	100.0	0.0	9.678913386912775e-05	1.0	1.0	0.0	0.0	0.0	5.26777e-11
10271.99	2.1126448190343662e-28	2.650671260743726e-16	100.0	0.0	9.599359941852483e-05	1.0	1.0	0.0	0.0	0.0	5.26777e-11
10272.73	2.1062764416748923e-28	2.642681051176912e-16	100.0	0.0	9.570423536656329e-05	1.0	1.0	0.0	0.0	0.0	5.26777e-11
10273.46	2.10611815989121e-28	2.6424824598323917e-16	100.0	0.0	9.56970434155069e-05	1.0	1.0	0.0	0.0	0.0	5.26777e-11
10274.2	2.1094200568079345e-28	2.6466252495641276e-16	100.0	0.0	9.584707382624588e-05	1.0	1.0	0.0	0.0	0.0	5.26777e-11
10274.94	2.117094291959732e-28	2.656253879223871e-16	100.0	0.0	9.619577297736107e-05	1.0	1.0	0.0	0.0	0.0	5.26777e-11
10275.68	2.131185381039652e-28	2.67393354052813e-16	100.0	0.0	9.683603884142e-05	1.0	1.0	0.0	0.0	0.0	5.26777e-11
10276.41	2.1542708411577123e-28	2.7028981658757817e-16	100.0	0.0	9.788498771867532e-05	1.0	1.0	0.0	0.0	0.0	5.26777e-11
10277.15	2.187740918565221e-28	2.7448920549950623e-16	100.0	0.0	9.940578912088734e-05	1.0	1.0	0.0	0.0	0.0	5.26777e-11
10277.89	2.2350044698901673e-28	2.8041921967174095e-16	100.0	0.0	0.00010155333345588707	1.0	1.0	0.0	0.0	0.0	5.26777e-11
10278.62	2.3008057859813295e-28	2.886751108613295e-16	100.0	0.0	0.00010454319011383389	1.0	1.0	0.0	0.0	0.0	5.26777e-11
10279.36	2.380953342831879e-28	2.9873098128727634e-16	100.0	0.0	0.00010818490612656226	1.0	1.0	0.0	0.0	0.0	5.26777e-11
10280.1	2.47031114831674e-28	3.099424336236e-16	100.0	0.0	0.00011224511412146454	1.0	1.0	0.0	0.0	0.0	5.26777e-11
10280.84	2.566849789907618e-28	3.2205484364684e-16	100.0	0.0	0.00011663160237816971	1.0	1.0	0.0	0.0	0.0	5.26777e-11
10281.57	2.6600173993492333e-28	3.3374430050935057e-16	100.0	0.0	0.00012086491888217526	1.0	1.0	0.0	0.0	0.0	5.26777e-11
10282.31	2.7441209651517864e-28	3.4429651935798745e-16	100.0	0.0	0.00012468638661427135	1.0	1.0	0.0	0.0	0.0	5.26777e-11
10283.05	2.8068697495273454e-28	3.521694186684794e-16	100.0	0.0	0.00012753754342826907	1.0	1.0	0.0	0.0	0.0	5.26777e-11
10283.78	2.8318288895321397e-28	3.5530096612536934e-16	100.0	0.0	0.00012867162790184672	1.0	1.0	0.0	0.0	0.0	5.26777e-11
10284.52	2.820168362691189e-28	3.5383795525369014e-16	100.0	0.0	0.00012814180105518783	1.0	1.0	0.0	0.0	0.0	5.26777e-11
10285.26	2.7757271605242936e-28	3.4826205265447646e-16	100.0	0.0	0.0001261224976114426	1.0	1.0	0.0	0.0	0.0	5.26777e-11
10286.0	2.706644079732778e-28	3.395944084197298e-16	100.0	0.0	0.0001229835253032013	1.0	1.0	0.0	0.0	0.0	5.26777e-11
10286.73	2.6237919455398185e-28	3.291992028926152e-16	100.0	0.0	0.00011921891967284075	1.0	1.0	0.0	0.0	0.0	5.26777e-11
10287.47	2.532629688612844e-28	3.1776135151675944e-16	100.0	0.0	0.00011507672165891407	1.0	1.0	0.0	0.0	0.0	5.26777e-11
10288.21	2.4431251911395657e-28	3.065314941823795e-16	100.0	0.0	0.000111009848325926	1.0	1.0	0.0	0.0	0.0	5.26777e-11
10288.94	2.3622922177055746e-28	2.9638962662037847e-16	100.0	0.0	0.00010733698859970972	1.0	1.0	0.0	0.0	0.0	5.26777e-11
10289.68	2.2885152428619265e-28	2.871330537615268e-16	100.0	0.0	0.00010398473681292392	1.0	1.0	0.0	0.0	0.0	5.26777e-11
10290.42	2.2231313161861016e-28	2.789295311536234e-16	100.0	0.0	0.00010101384534589629	1.0	1.0	0.0	0.0	0.0	5.26777e-11
10291.15	2.16380681122398e-28	2.714862657763027e-16	100.0	0.0	9.83182797147368e-05	1.0	1.0	0.0	0.0	0.0	5.26777e-11
10291.89	2.1043794026354185e-28	2.640300893936501e-16	100.0	0.0	9.561803838541632e-05	1.0	1.0	0.0	0.0	0.0	5.26777e-11
10292.63	2.0449272006129813e-28	2.5657080225418507e-16	100.0	0.0	9.291667050091808e-05	1.0	1.0	0.0	0.0	0.0	5.26777e-11
10293.37	1.9857195867682962e-28	2.4914220285019004e-16	100.0	0.0	9.022641612653099e-05	1.0	1.0	0.0	0.0	0.0	5.26777e-11
10294.1	1.9261352683659967e-28	2.4166633946998547e-16	100.0	0.0	8.751904518523358e-05	1.0	1.0	0.0	0.0	0.0	5.26777e-11
10294.84	1.8664650748236983e-28	2.341797015969009e-16	100.0	0.0	8.480777228004958e-05	1.0	1.0	0.0	0.0	0.0	5.26777e-11
10295.58	1.8117229730897053e-28	2.273113764287674e-16	100.0	0.0	8.232042024726304e-05	1.0	1.0	0.0	0.0	0.0	5.26777e-11
10296.31	1.7639550938414166e-28	2.2131808576441486e-16	100.0	0.0	8.014996044052253e-05	1.0	1.0	0.0	0.0	0.0	5.26777e-11
10297.05	1.723912949755076e-28	2.162941196158251e-16	100.0	0.0	7.83305398239326e-05	1.0	1.0	0.0	0.0	0.0	5.26777e-11
10297.79	1.6929339757991398e-28	2.1240728188463178e-16	100.0	0.0	7.692292828907825e-05	1.0	1.0	0.0	0.0	0.0	5.26777e-11
10298.53	1.666643504501987e-28	2.0910869633580188e-16	100.0	0.0	7.572835126056636e-05	1.0	1.0	0.0	0.0	0.0	5.26777e-11
10299.26	1.6407459023849499e-28	2.058594028892498e-16	100.0	0.0	7.455162528129859e-05	1.0	1.0	0.0	0.0	0.0	5.26777e-11
10300.0	1.6199265144689944e-28	2.0324725754811655e-16	100.0	0.0	7.360564138199998e-05	1.0	1.0	0.0	0.0	0.0	5.26777e-11
