Gas Data
Time: 0.000000e+00
radius	rho	ne	ne_prev	dne_dt	n_tot	dt	T	vel	nH1	fH1	fHeI	fHII	fHeII	fHeIII	j_lya
5317.0	2.6521212193829467e-28	0.0	0.0	0.0	0.0001086506	4.016064e-05	500.0	0.0	0.00012050613508198743	1.0	1.0	0.0	0.0	0.0	0.0
5317.737	2.665610415190445e-28	0.0	0.0	0.0	0.0001086506	4.016064e-05	500.0	0.0	0.0001211190523348813	1.0	1.0	0.0	0.0	0.0	0.0
5318.474	2.68684813443745e-28	0.0	0.0	0.0	0.0001086506	4.016064e-05	500.0	0.0	0.00012208404422352825	1.0	1.0	0.0	0.0	0.0	0.0
5319.211	2.7195994020945357e-28	0.0	0.0	0.0	0.0001086506	4.016064e-05	500.0	0.0	0.00012357218460547854	1.0	1.0	0.0	0.0	0.0	0.0
5319.948	2.768780856251855e-28	0.0	0.0	0.0	0.0001086506	4.016064e-05	500.0	0.0	0.00012580687392318228	1.0	1.0	0.0	0.0	0.0	0.0
5320.686	2.8404793979357284e-28	0.0	0.0	0.0	0.0001086506	4.016064e-05	500.0	0.0	0.00012906468660768268	1.0	1.0	0.0	0.0	0.0	0.0
5321.423	2.9411106605012006e-28	0.0	0.0	0.0	0.0001086506	4.016064e-05	500.0	0.0	0.00013363713391196055	1.0	1.0	0.0	0.0	0.0	0.0
5322.16	3.0771529200832036e-28	0.0	0.0	0.0	0.0001086506	4.016064e-05	500.0	0.0	0.0001398185734292168	1.0	1.0	0.0	0.0	0.0	0.0
5322.897	3.253577671735296e-28	0.0	0.0	0.0	0.0001086506	4.016064e-05	500.0	0.0	0.00014783489817297784	1.0	1.0	0.0	0.0	0.0	0.0
5323.634	3.472493762989635e-28	0.0	0.0	0.0	0.0001086506	4.016064e-05	500.0	0.0	0.0001577819292028996	1.0	1.0	0.0	0.0	0.0	0.0
5324.371	3.7317947517959e-28	0.0	0.0	0.0	0.0001086506	4.016064e-05	500.0	0.0	0.0001695639547587491	1.0	1.0	0.0	0.0	0.0	0.0
5325.108	4.024236572522597e-28	0.0	0.0	0.0	0.0001086506	4.016064e-05	500.0	0.0	0.00018285182157816736	1.0	1.0	0.0	0.0	0.0	0.0
5325.845	4.337239136546544e-28	0.0	0.0	0.0	0.0001086506	4.016064e-05	500.0	0.0	0.00019707392009523812	1.0	1.0	0.0	0.0	0.0	0.0
5326.582	4.653573542372461e-28	0.0	0.0	0.0	0.0001086506	4.016064e-05	500.0	0.0	0.0002114474096480299	1.0	1.0	0.0	0.0	0.0	0.0
5327.319	4.952921706397207e-28	0.0	0.0	0.0	0.0001086506	4.016064e-05	500.0	0.0	0.00022504908442325152	1.0	1.0	0.0	0.0	0.0	0.0
5328.057	5.214427746631822e-28	0.0	0.0	0.0	0.0001086506	4.016064e-05	500.0	0.0	0.00023693130231697211	1.0	1.0	0.0	0.0	0.0	0.0
5328.794	5.41787041870359e-28	0.0	0.0	0.0	0.0001086506	4.016064e-05	500.0	0.0	0.00024617525766220516	1.0	1.0	0.0	0.0	0.0	0.0
5329.531	5.548214107714827e-28	0.0	0.0	0.0	0.0001086506	4.016064e-05	500.0	0.0	0.0002520977675687196	1.0	1.0	0.0	0.0	0.0	0.0
5330.268	5.595880753056142e-28	0.0	0.0	0.0	0.0001086506	4.016064e-05	500.0	0.0	0.00025426362754541485	1.0	1.0	0.0	0.0	0.0	0.0
5331.005	5.557985100522038e-28	0.0	0.0	0.0	0.0001086506	4.016064e-05	500.0	0.0	0.0002525417384439969	1.0	1.0	0.0	0.0	0.0	0.0
5331.742	5.438167615680839e-28	0.0	0.0	0.0	0.0001086506	4.016064e-05	500.0	0.0	0.00024709751443646196	1.0	1.0	0.0	0.0	0.0	0.0
5332.479	5.245551729685777e-28	0.0	0.0	0.0	0.0001086506	4.016064e-05	500.0	0.0	0.00023834550272334044	1.0	1.0	0.0	0.0	0.0	0.0
5333.216	4.99313803435042e-28	0.0	0.0	0.0	0.0001086506	4.016064e-05	500.0	0.0	0.00022687641954406433	1.0	1.0	0.0	0.0	0.0	0.0
5333.953	4.696008982850139e-28	0.0	0.0	0.0	0.0001086506	4.016064e-05	500.0	0.0	0.00021337557600976828	1.0	1.0	0.0	0.0	0.0	0.0
5334.69	4.369670003545364e-28	0.0	0.0	0.0	0.0001086506	4.016064e-05	500.0	0.0	0.00019854750222671213	1.0	1.0	0.0	0.0	0.0	0.0
5335.428	4.028270054603429e-28	0.0	0.0	0.0	0.0001086506	4.016064e-05	500.0	0.0	0.00018303509349384416	1.0	1.0	0.0	0.0	0.0	0.0
5336.165	3.6855838232109047e-28	0.0	0.0	0.0	0.0001086506	4.016064e-05	500.0	0.0	0.00016746423911919657	1.0	1.0	0.0	0.0	0.0	0.0
5336.902	3.3517199349981322e-28	0.0	0.0	0.0	0.0001086506	4.016064e-05	500.0	0.0	0.0001522942512174646	1.0	1.0	0.0	0.0	0.0	0.0
5337.639	3.0348029887035084e-28	0.0	0.0	0.0	0.0001086506	4.016064e-05	500.0	0.0	0.0001378942923992789	1.0	1.0	0.0	0.0	0.0	0.0
5338.376	2.7405728188147984e-28	0.0	0.0	0.0	0.0001086506	4.016064e-05	500.0	0.0	0.00012452516721047832	1.0	1.0	0.0	0.0	0.0	0.0
5339.113	2.4725870871418845e-28	0.0	0.0	0.0	0.0001086506	4.016064e-05	500.0	0.0	0.00011234852741550884	1.0	1.0	0.0	0.0	0.0	0.0
5339.85	2.2325156528593294e-28	0.0	0.0	0.0	0.0001086506	4.016064e-05	500.0	0.0	0.0001014402474780967	1.0	1.0	0.0	0.0	0.0	0.0
5340.587	2.020489337468179e-28	0.0	0.0	0.0	0.0001086506	4.016064e-05	500.0	0.0	9.180627161880066e-05	1.0	1.0	0.0	0.0	0.0	0.0
5341.324	1.8354748139848555e-28	0.0	0.0	0.0	0.0001086506	4.016064e-05	500.0	0.0	8.339964789584798e-05	1.0	1.0	0.0	0.0	0.0	0.0
5342.061	1.6756485511247608e-28	0.0	0.0	0.0	0.0001086506	4.016064e-05	500.0	0.0	7.613751934715783e-05	1.0	1.0	0.0	0.0	0.0	0.0
5342.799	1.5385695955978553e-28	0.0	0.0	0.0	0.0001086506	4.016064e-05	500.0	0.0	6.990897481046944e-05	1.0	1.0	0.0	0.0	0.0	0.0
5343.536	1.4221769191595823e-28	0.0	0.0	0.0	0.0001086506	4.016064e-05	500.0	0.0	6.462036602180783e-05	1.0	1.0	0.0	0.0	0.0	0.0
5344.273	1.3238870867131794e-28	0.0	0.0	0.0	0.0001086506	4.016064e-05	500.0	0.0	6.015430778155593e-05	1.0	1.0	0.0	0.0	0.0	0.0
5345.01	1.2414855433589018e-28	0.0	0.0	0.0	0.0001086506	4.016064e-05	500.0	0.0	5.6410175936509594e-05	1.0	1.0	0.0	0.0	0.0	0.0
5345.747	1.1729712169817216e-28	0.0	0.0	0.0	0.0001086506	4.016064e-05	500.0	0.0	5.32970464878561e-05	1.0	1.0	0.0	0.0	0.0	0.0
5346.484	1.1165507534563569e-28	0.0	0.0	0.0	0.0001086506	4.016064e-05	500.0	0.0	5.073343365248282e-05	1.0	1.0	0.0	0.0	0.0	0.0
5347.221	1.0706120921717913e-28	0.0	0.0	0.0	0.0001086506	4.016064e-05	500.0	0.0	4.864608919711456e-05	1.0	1.0	0.0	0.0	0.0	0.0
5347.958	1.0337033816499758e-28	0.0	0.0	0.0	0.0001086506	4.016064e-05	500.0	0.0	4.6969044413739725e-05	1.0	1.0	0.0	0.0	0.0	0.0
5348.695	1.0045307756081599e-28	0.0	0.0	0.0	0.0001086506	4.016064e-05	500.0	0.0	4.5643509977879137e-05	1.0	1.0	0.0	0.0	0.0	0.0
5349.432	9.81973818739555e-29	0.0	0.0	0.0	0.0001086506	4.016064e-05	500.0	0.0	4.4618575042182984e-05	1.0	1.0	0.0	0.0	0.0	0.0
5350.17	9.650867320141153e-29	0.0	0.0	0.0	0.0001086506	4.016064e-05	500.0	0.0	4.3851265637467864e-05	1.0	1.0	0.0	0.0	0.0	0.0
5350.907	9.531925756017105e-29	0.0	0.0	0.0	0.0001086506	4.016064e-05	500.0	0.0	4.3310823213929984e-05	1.0	1.0	0.0	0.0	0.0	0.0
5351.644	9.457364943783881e-29	0.0	0.0	0.0	0.0001086506	4.016064e-05	500.0	0.0	4.2972036462965034e-05	1.0	1.0	0.0	0.0	0.0	0.0
5352.381	9.4234997680507e-29	0.0	0.0	0.0	0.0001086506	4.016064e-05	500.0	0.0	4.2818161089107605e-05	1.0	1.0	0.0	0.0	0.0	0.0
5353.118	9.427757576158198e-29	0.0	0.0	0.0	0.0001086506	4.016064e-05	500.0	0.0	4.283750756524924e-05	1.0	1.0	0.0	0.0	0.0	0.0
5353.855	9.468173055665036e-29	0.0	0.0	0.0	0.0001086506	4.016064e-05	500.0	0.0	4.302114597503458e-05	1.0	1.0	0.0	0.0	0.0	0.0
5354.592	9.542983511446611e-29	0.0	0.0	0.0	0.0001086506	4.016064e-05	500.0	0.0	4.33610670474227e-05	1.0	1.0	0.0	0.0	0.0	0.0
5355.329	9.650387494969641e-29	0.0	0.0	0.0	0.0001086506	4.016064e-05	500.0	0.0	4.3849085425020884e-05	1.0	1.0	0.0	0.0	0.0	0.0
5356.066	9.788456023606217e-29	0.0	0.0	0.0	0.0001086506	4.016064e-05	500.0	0.0	4.4476436265580186e-05	1.0	1.0	0.0	0.0	0.0	0.0
5356.803	9.955130252749463e-29	0.0	0.0	0.0	0.0001086506	4.016064e-05	500.0	0.0	4.5233764664637875e-05	1.0	1.0	0.0	0.0	0.0	0.0
5357.541	1.0148503548754365e-28	0.0	0.0	0.0	0.0001086506	4.016064e-05	500.0	0.0	4.611240732845388e-05	1.0	1.0	0.0	0.0	0.0	0.0
5358.278	1.0365691343363282e-28	0.0	0.0	0.0	0.0001086506	4.016064e-05	500.0	0.0	4.709925745898413e-05	1.0	1.0	0.0	0.0	0.0	0.0
5359.015	1.0604310161696248e-28	0.0	0.0	0.0	0.0001086506	4.016064e-05	500.0	0.0	4.8183485108345756e-05	1.0	1.0	0.0	0.0	0.0	0.0
5359.752	1.086135492493583e-28	0.0	0.0	0.0	0.0001086506	4.016064e-05	500.0	0.0	4.935143590692476e-05	1.0	1.0	0.0	0.0	0.0	0.0
5360.489	1.1133390976512966e-28	0.0	0.0	0.0	0.0001086506	4.016064e-05	500.0	0.0	5.058750358508889e-05	1.0	1.0	0.0	0.0	0.0	0.0
5361.226	1.1416603088732972e-28	0.0	0.0	0.0	0.0001086506	4.016064e-05	500.0	0.0	5.187435264774145e-05	1.0	1.0	0.0	0.0	0.0	0.0
5361.963	1.1706948627639574e-28	0.0	0.0	0.0	0.0001086506	4.016064e-05	500.0	0.0	5.319361431935056e-05	1.0	1.0	0.0	0.0	0.0	0.0
5362.7	1.2000364639346142e-28	0.0	0.0	0.0	0.0001086506	4.016064e-05	500.0	0.0	5.452682749541181e-05	1.0	1.0	0.0	0.0	0.0	0.0
5363.437	1.2292942327514063e-28	0.0	0.0	0.0	0.0001086506	4.016064e-05	500.0	0.0	5.585623152697195e-05	1.0	1.0	0.0	0.0	0.0	0.0
5364.174	1.2580980935519415e-28	0.0	0.0	0.0	0.0001086506	4.016064e-05	500.0	0.0	5.716501104849007e-05	1.0	1.0	0.0	0.0	0.0	0.0
5364.912	1.2861243164237622e-28	0.0	0.0	0.0	0.0001086506	4.016064e-05	500.0	0.0	5.8438456536029025e-05	1.0	1.0	0.0	0.0	0.0	0.0
5365.649	1.3129171611009838e-28	0.0	0.0	0.0	0.0001086506	4.016064e-05	500.0	0.0	5.965586022644374e-05	1.0	1.0	0.0	0.0	0.0	0.0
5366.386	1.3380823564153057e-28	0.0	0.0	0.0	0.0001086506	4.016064e-05	500.0	0.0	6.079930736745257e-05	1.0	1.0	0.0	0.0	0.0	0.0
5367.123	1.3611030567258581e-28	0.0	0.0	0.0	0.0001086506	4.016064e-05	500.0	0.0	6.184531371174433e-05	1.0	1.0	0.0	0.0	0.0	0.0
5367.86	1.3813651471636583e-28	0.0	0.0	0.0	0.0001086506	4.016064e-05	500.0	0.0	6.276597532762216e-05	1.0	1.0	0.0	0.0	0.0	0.0
5368.597	1.3981696479652314e-28	0.0	0.0	0.0	0.0001086506	4.016064e-05	500.0	0.0	6.35295322226765e-05	1.0	1.0	0.0	0.0	0.0	0.0
5369.334	1.4107728708841533e-28	0.0	0.0	0.0	0.0001086506	4.016064e-05	500.0	0.0	6.410219295644544e-05	1.0	1.0	0.0	0.0	0.0	0.0
5370.071	1.418449636562947e-28	0.0	0.0	0.0	0.0001086506	4.016064e-05	500.0	0.0	6.445100708874091e-05	1.0	1.0	0.0	0.0	0.0	0.0
5370.808	1.4205700003525877e-28	0.0	0.0	0.0	0.0001086506	4.016064e-05	500.0	0.0	6.454735141998413e-05	1.0	1.0	0.0	0.0	0.0	0.0
5371.545	1.416677974622544e-28	0.0	0.0	0.0	0.0001086506	4.016064e-05	500.0	0.0	6.437050694736368e-05	1.0	1.0	0.0	0.0	0.0	0.0
5372.283	1.4065435138254834e-28	0.0	0.0	0.0	0.0001086506	4.016064e-05	500.0	0.0	6.391002094360635e-05	1.0	1.0	0.0	0.0	0.0	0.0
5373.02	1.3902789385752907e-28	0.0	0.0	0.0	0.0001086506	4.016064e-05	500.0	0.0	6.317099699257938e-05	1.0	1.0	0.0	0.0	0.0	0.0
5373.757	1.3682862755676023e-28	0.0	0.0	0.0	0.0001086506	4.016064e-05	500.0	0.0	6.21717022394407e-05	1.0	1.0	0.0	0.0	0.0	0.0
5374.494	1.3413072813682384e-28	0.0	0.0	0.0	0.0001086506	4.016064e-05	500.0	0.0	6.0945840353640055e-05	1.0	1.0	0.0	0.0	0.0	0.0
5375.231	1.3103898383455485e-28	0.0	0.0	0.0	0.0001086506	4.016064e-05	500.0	0.0	5.9541024639315813e-05	1.0	1.0	0.0	0.0	0.0	0.0
5375.968	1.2768358240068627e-28	0.0	0.0	0.0	0.0001086506	4.016064e-05	500.0	0.0	5.8016409340856196e-05	1.0	1.0	0.0	0.0	0.0	0.0
5376.705	1.2421224227759497e-28	0.0	0.0	0.0	0.0001086506	4.016064e-05	500.0	0.0	5.643911423559668e-05	1.0	1.0	0.0	0.0	0.0	0.0
5377.442	1.2078007376682305e-28	0.0	0.0	0.0	0.0001086506	4.016064e-05	500.0	0.0	5.48796177873934e-05	1.0	1.0	0.0	0.0	0.0	0.0
5378.179	1.1753787371100307e-28	0.0	0.0	0.0	0.0001086506	4.016064e-05	500.0	0.0	5.340643852607604e-05	1.0	1.0	0.0	0.0	0.0	0.0
5378.916	1.146199192155574e-28	0.0	0.0	0.0	0.0001086506	4.016064e-05	500.0	0.0	5.208058880238549e-05	1.0	1.0	0.0	0.0	0.0	0.0
5379.654	1.1212961778969252e-28	0.0	0.0	0.0	0.0001086506	4.016064e-05	500.0	0.0	5.0949054550380377e-05	1.0	1.0	0.0	0.0	0.0	0.0
5380.391	1.1014362313670917e-28	0.0	0.0	0.0	0.0001086506	4.016064e-05	500.0	0.0	5.004666540551241e-05	1.0	1.0	0.0	0.0	0.0	0.0
5381.128	1.0868682290268723e-28	0.0	0.0	0.0	0.0001086506	4.016064e-05	500.0	0.0	4.938472972736357e-05	1.0	1.0	0.0	0.0	0.0	0.0
5381.865	1.0774741943817057e-28	0.0	0.0	0.0	0.0001086506	4.016064e-05	500.0	0.0	4.895788694218397e-05	1.0	1.0	0.0	0.0	0.0	0.0
5382.602	1.0728019586232432e-28	0.0	0.0	0.0	0.0001086506	4.016064e-05	500.0	0.0	4.874559156543827e-05	1.0	1.0	0.0	0.0	0.0	0.0
5383.339	1.072191895104163e-28	0.0	0.0	0.0	0.0001086506	4.016064e-05	500.0	0.0	4.871787171752877e-05	1.0	1.0	0.0	0.0	0.0	0.0
5384.076	1.0749452697592848e-28	0.0	0.0	0.0	0.0001086506	4.016064e-05	500.0	0.0	4.884297856999708e-05	1.0	1.0	0.0	0.0	0.0	0.0
5384.813	1.0805079696182831e-28	0.0	0.0	0.0	0.0001086506	4.016064e-05	500.0	0.0	4.909573453594986e-05	1.0	1.0	0.0	0.0	0.0	0.0
5385.55	1.0886372743380555e-28	0.0	0.0	0.0	0.0001086506	4.016064e-05	500.0	0.0	4.946511097527847e-05	1.0	1.0	0.0	0.0	0.0	0.0
5386.287	1.0995206038130475e-28	0.0	0.0	0.0	0.0001086506	4.016064e-05	500.0	0.0	4.9959623806091045e-05	1.0	1.0	0.0	0.0	0.0	0.0
5387.025	1.1138469215356394e-28	0.0	0.0	0.0	0.0001086506	4.016064e-05	500.0	0.0	5.061057790505482e-05	1.0	1.0	0.0	0.0	0.0	0.0
5387.762	1.1326992730754559e-28	0.0	0.0	0.0	0.0001086506	4.016064e-05	500.0	0.0	5.146718430926692e-05	1.0	1.0	0.0	0.0	0.0	0.0
5388.499	1.157580889436288e-28	0.0	0.0	0.0	0.0001086506	4.016064e-05	500.0	0.0	5.2597746291246863e-05	1.0	1.0	0.0	0.0	0.0	0.0
5389.236	1.190221249687665e-28	0.0	0.0	0.0	0.0001086506	4.016064e-05	500.0	0.0	5.408084730217739e-05	1.0	1.0	0.0	0.0	0.0	0.0
5389.973	1.2324712543492201e-28	0.0	0.0	0.0	0.0001086506	4.016064e-05	500.0	0.0	5.6000587897648565e-05	1.0	1.0	0.0	0.0	0.0	0.0
5390.71	1.2862135145649356e-28	0.0	0.0	0.0	0.0001086506	4.016064e-05	500.0	0.0	5.844250948925406e-05	1.0	1.0	0.0	0.0	0.0	0.0
5391.447	1.3533225259629542e-28	0.0	0.0	0.0	0.0001086506	4.016064e-05	500.0	0.0	6.149178473868245e-05	1.0	1.0	0.0	0.0	0.0	0.0
5392.184	1.4356718936354361e-28	0.0	0.0	0.0	0.0001086506	4.016064e-05	500.0	0.0	6.523354584376695e-05	1.0	1.0	0.0	0.0	0.0	0.0
5392.921	1.5351621693794244e-28	0.0	0.0	0.0	0.0001086506	4.016064e-05	500.0	0.0	6.975414939707613e-05	1.0	1.0	0.0	0.0	0.0	0.0
5393.658	1.653721542560536e-28	0.0	0.0	0.0	0.0001086506	4.016064e-05	500.0	0.0	7.514120777713121e-05	1.0	1.0	0.0	0.0	0.0	0.0
5394.396	1.793422927379231e-28	0.0	0.0	0.0	0.0001086506	4.016064e-05	500.0	0.0	8.148890931771886e-05	1.0	1.0	0.0	0.0	0.0	0.0
5395.133	1.9554647106815e-28	0.0	0.0	0.0	0.0001086506	4.016064e-05	500.0	0.0	8.88517058915846e-05	1.0	1.0	0.0	0.0	0.0	0.0
5395.87	2.1408883030945074e-28	0.0	0.0	0.0	0.0001086506	4.016064e-05	500.0	0.0	9.72769167422063e-05	1.0	1.0	0.0	0.0	0.0	0.0
5396.607	2.3492699323360317e-28	0.0	0.0	0.0	0.0001086506	4.016064e-05	500.0	0.0	0.00010674528665624297	1.0	1.0	0.0	0.0	0.0	0.0
5397.344	2.5782252124043637e-28	0.0	0.0	0.0	0.0001086506	4.016064e-05	500.0	0.0	0.00011714847475564213	1.0	1.0	0.0	0.0	0.0	0.0
5398.081	2.8227993112219123e-28	0.0	0.0	0.0	0.0001086506	4.016064e-05	500.0	0.0	0.00012826134515321773	1.0	1.0	0.0	0.0	0.0	0.0
5398.818	3.07511103894517e-28	0.0	0.0	0.0	0.0001086506	4.016064e-05	500.0	0.0	0.00013972579516461758	1.0	1.0	0.0	0.0	0.0	0.0
5399.555	3.324441458881579e-28	0.0	0.0	0.0	0.0001086506	4.016064e-05	500.0	0.0	0.0001510547815794603	1.0	1.0	0.0	0.0	0.0	0.0
5400.292	3.557891130659647e-28	0.0	0.0	0.0	0.0001086506	4.016064e-05	500.0	0.0	0.00016166218424134874	1.0	1.0	0.0	0.0	0.0	0.0
5401.029	3.7616060470784414e-28	0.0	0.0	0.0	0.0001086506	4.016064e-05	500.0	0.0	0.0001709185097278175	1.0	1.0	0.0	0.0	0.0	0.0
5401.767	3.9226042172475274e-28	0.0	0.0	0.0	0.0001086506	4.016064e-05	500.0	0.0	0.0001782338869815249	1.0	1.0	0.0	0.0	0.0	0.0
5402.504	4.029736118343429e-28	0.0	0.0	0.0	0.0001086506	4.016064e-05	500.0	0.0	0.00018310170797352938	1.0	1.0	0.0	0.0	0.0	0.0
5403.241	4.076567323770976e-28	0.0	0.0	0.0	0.0001086506	4.016064e-05	500.0	0.0	0.00018522960753032916	1.0	1.0	0.0	0.0	0.0	0.0
5403.978	4.061423203747531e-28	0.0	0.0	0.0	0.0001086506	4.016064e-05	500.0	0.0	0.00018454149442301512	1.0	1.0	0.0	0.0	0.0	0.0
5404.715	3.987863223943896e-28	0.0	0.0	0.0	0.0001086506	4.016064e-05	500.0	0.0	0.00018119910237922025	1.0	1.0	0.0	0.0	0.0	0.0
5405.452	3.8640911748678594e-28	0.0	0.0	0.0	0.0001086506	4.016064e-05	500.0	0.0	0.0001755751922968593	1.0	1.0	0.0	0.0	0.0	0.0
5406.189	3.7016890362912745e-28	0.0	0.0	0.0	0.0001086506	4.016064e-05	500.0	0.0	0.00016819602202896824	1.0	1.0	0.0	0.0	0.0	0.0
5406.926	3.5139497090583873e-28	0.0	0.0	0.0	0.0001086506	4.016064e-05	500.0	0.0	0.00015966558964813178	1.0	1.0	0.0	0.0	0.0	0.0
5407.663	3.3141443452682705e-28	0.0	0.0	0.0	0.0001086506	4.016064e-05	500.0	0.0	0.00015058690501523273	1.0	1.0	0.0	0.0	0.0	0.0
5408.4	3.1140351789981333e-28	0.0	0.0	0.0	0.0001086506	4.016064e-05	500.0	0.0	0.0001414944163139419	1.0	1.0	0.0	0.0	0.0	0.0
5409.138	2.9226010778149877e-28	0.0	0.0	0.0	0.0001086506	4.016064e-05	500.0	0.0	0.00013279610211628157	1.0	1.0	0.0	0.0	0.0	0.0
5409.875	2.746588761021573e-28	0.0	0.0	0.0	0.0001086506	4.016064e-05	500.0	0.0	0.00012479851744006692	1.0	1.0	0.0	0.0	0.0	0.0
5410.612	2.588984810271822e-28	0.0	0.0	0.0	0.0001086506	4.016064e-05	500.0	0.0	0.00011763736551394069	1.0	1.0	0.0	0.0	0.0	0.0
5411.349	2.4505029094704953e-28	0.0	0.0	0.0	0.0001086506	4.016064e-05	500.0	0.0	0.00011134507445182335	1.0	1.0	0.0	0.0	0.0	0.0
5412.086	2.3299543075700045e-28	0.0	0.0	0.0	0.0001086506	4.016064e-05	500.0	0.0	0.00010586763020892967	1.0	1.0	0.0	0.0	0.0	0.0
5412.823	2.224937093368178e-28	0.0	0.0	0.0	0.0001086506	4.016064e-05	500.0	0.0	0.0001010958956034188	1.0	1.0	0.0	0.0	0.0	0.0
5413.56	2.132460599950139e-28	0.0	0.0	0.0	0.0001086506	4.016064e-05	500.0	0.0	9.689398178202281e-05	1.0	1.0	0.0	0.0	0.0	0.0
5414.297	2.0494452730861607e-28	0.0	0.0	0.0	0.0001086506	4.016064e-05	500.0	0.0	9.312196106146411e-05	1.0	1.0	0.0	0.0	0.0	0.0
5415.034	1.9730859351762593e-28	0.0	0.0	0.0	0.0001086506	4.016064e-05	500.0	0.0	8.965237278559993e-05	1.0	1.0	0.0	0.0	0.0	0.0
5415.771	1.9010925920348925e-28	0.0	0.0	0.0	0.0001086506	4.016064e-05	500.0	0.0	8.638116501794897e-05	1.0	1.0	0.0	0.0	0.0	0.0
5416.509	1.8317350108324734e-28	0.0	0.0	0.0	0.0001086506	4.016064e-05	500.0	0.0	8.322972005824868e-05	1.0	1.0	0.0	0.0	0.0	0.0
5417.246	1.7642603988445233e-28	0.0	0.0	0.0	0.0001086506	4.016064e-05	500.0	0.0	8.01638327800207e-05	1.0	1.0	0.0	0.0	0.0	0.0
5417.983	1.698288559376917e-28	0.0	0.0	0.0	0.0001086506	4.016064e-05	500.0	0.0	7.716622794190541e-05	1.0	1.0	0.0	0.0	0.0	0.0
5418.72	1.6340649496141325e-28	0.0	0.0	0.0	0.0001086506	4.016064e-05	500.0	0.0	7.424805853963065e-05	1.0	1.0	0.0	0.0	0.0	0.0
5419.457	1.5721773481930131e-28	0.0	0.0	0.0	0.0001086506	4.016064e-05	500.0	0.0	7.14360318486e-05	1.0	1.0	0.0	0.0	0.0	0.0
5420.194	1.5133386885288495e-28	0.0	0.0	0.0	0.0001086506	4.016064e-05	500.0	0.0	6.876254188226184e-05	1.0	1.0	0.0	0.0	0.0	0.0
5420.931	1.4581848891165878e-28	0.0	0.0	0.0	0.0001086506	4.016064e-05	500.0	0.0	6.625648327766865e-05	1.0	1.0	0.0	0.0	0.0	0.0
5421.668	1.4071300999718888e-28	0.0	0.0	0.0	0.0001086506	4.016064e-05	500.0	0.0	6.393667403505607e-05	1.0	1.0	0.0	0.0	0.0	0.0
5422.405	1.360306253507257e-28	0.0	0.0	0.0	0.0001086506	4.016064e-05	500.0	0.0	6.180910885218031e-05	1.0	1.0	0.0	0.0	0.0	0.0
5423.143	1.3175342974232666e-28	0.0	0.0	0.0	0.0001086506	4.016064e-05	500.0	0.0	5.9865652014721955e-05	1.0	1.0	0.0	0.0	0.0	0.0
5423.88	1.2786420839873762e-28	0.0	0.0	0.0	0.0001086506	4.016064e-05	500.0	0.0	5.8098481535601356e-05	1.0	1.0	0.0	0.0	0.0	0.0
5424.617	1.243236457041213e-28	0.0	0.0	0.0	0.0001086506	4.016064e-05	500.0	0.0	5.6489733325959006e-05	1.0	1.0	0.0	0.0	0.0	0.0
5425.354	1.2110456896341508e-28	0.0	0.0	0.0	0.0001086506	4.016064e-05	500.0	0.0	5.5027060753831694e-05	1.0	1.0	0.0	0.0	0.0	0.0
5426.091	1.181919287552346e-28	0.0	0.0	0.0	0.0001086506	4.016064e-05	500.0	0.0	5.3703625716975084e-05	1.0	1.0	0.0	0.0	0.0	0.0
5426.828	1.1558308441134257e-28	0.0	0.0	0.0	0.0001086506	4.016064e-05	500.0	0.0	5.25182283580034e-05	1.0	1.0	0.0	0.0	0.0	0.0
5427.565	1.1328305863611098e-28	0.0	0.0	0.0	0.0001086506	4.016064e-05	500.0	0.0	5.147315087535878e-05	1.0	1.0	0.0	0.0	0.0	0.0
5428.302	1.112970202212849e-28	0.0	0.0	0.0	0.0001086506	4.016064e-05	500.0	0.0	5.0570741846141285e-05	1.0	1.0	0.0	0.0	0.0	0.0
5429.039	1.0962287924408225e-28	0.0	0.0	0.0	0.0001086506	4.016064e-05	500.0	0.0	4.981005165871459e-05	1.0	1.0	0.0	0.0	0.0	0.0
5429.776	1.0824652280281329e-28	0.0	0.0	0.0	0.0001086506	4.016064e-05	500.0	0.0	4.9184667743302494e-05	1.0	1.0	0.0	0.0	0.0	0.0
5430.514	1.0713978460729049e-28	0.0	0.0	0.0	0.0001086506	4.016064e-05	500.0	0.0	4.8681792001743834e-05	1.0	1.0	0.0	0.0	0.0	0.0
5431.251	1.062694389434109e-28	0.0	0.0	0.0	0.0001086506	4.016064e-05	500.0	0.0	4.8286327452940534e-05	1.0	1.0	0.0	0.0	0.0	0.0
5431.988	1.0559448905460155e-28	0.0	0.0	0.0	0.0001086506	4.016064e-05	500.0	0.0	4.797964613732044e-05	1.0	1.0	0.0	0.0	0.0	0.0
5432.725	1.050795299266744e-28	0.0	0.0	0.0	0.0001086506	4.016064e-05	500.0	0.0	4.774566085120999e-05	1.0	1.0	0.0	0.0	0.0	0.0
5433.462	1.0469889593904116e-28	0.0	0.0	0.0	0.0001086506	4.016064e-05	500.0	0.0	4.757270974175354e-05	1.0	1.0	0.0	0.0	0.0	0.0
5434.199	1.0443971977529165e-28	0.0	0.0	0.0	0.0001086506	4.016064e-05	500.0	0.0	4.745494620375773e-05	1.0	1.0	0.0	0.0	0.0	0.0
5434.936	1.0430157791114791e-28	0.0	0.0	0.0	0.0001086506	4.016064e-05	500.0	0.0	4.7392177797776444e-05	1.0	1.0	0.0	0.0	0.0	0.0
5435.673	1.042930508961729e-28	0.0	0.0	0.0	0.0001086506	4.016064e-05	500.0	0.0	4.7388303323220315e-05	1.0	1.0	0.0	0.0	0.0	0.0
5436.41	1.0442632128709977e-28	0.0	0.0	0.0	0.0001086506	4.016064e-05	500.0	0.0	4.744885824663064e-05	1.0	1.0	0.0	0.0	0.0	0.0
5437.147	1.047113600366708e-28	0.0	0.0	0.0	0.0001086506	4.016064e-05	500.0	0.0	4.7578373133840046e-05	1.0	1.0	0.0	0.0	0.0	0.0
5437.885	1.0515193926022684e-28	0.0	0.0	0.0	0.0001086506	4.016064e-05	500.0	0.0	4.777856194512114e-05	1.0	1.0	0.0	0.0	0.0	0.0
5438.622	1.0574058477637634e-28	0.0	0.0	0.0	0.0001086506	4.016064e-05	500.0	0.0	4.8046028588674566e-05	1.0	1.0	0.0	0.0	0.0	0.0
5439.359	1.0646242018018279e-28	0.0	0.0	0.0	0.0001086506	4.016064e-05	500.0	0.0	4.8374013576850556e-05	1.0	1.0	0.0	0.0	0.0	0.0
5440.096	1.0729560210178376e-28	0.0	0.0	0.0	0.0001086506	4.016064e-05	500.0	0.0	4.875259179740292e-05	1.0	1.0	0.0	0.0	0.0	0.0
5440.833	1.0821582952837569e-28	0.0	0.0	0.0	0.0001086506	4.016064e-05	500.0	0.0	4.917072144307891e-05	1.0	1.0	0.0	0.0	0.0	0.0
5441.57	1.0920044942248204e-28	0.0	0.0	0.0	0.0001086506	4.016064e-05	500.0	0.0	4.9618109507758694e-05	1.0	1.0	0.0	0.0	0.0	0.0
5442.307	1.1023135024790207e-28	0.0	0.0	0.0	0.0001086506	4.016064e-05	500.0	0.0	5.0086526536423404e-05	1.0	1.0	0.0	0.0	0.0	0.0
5443.044	1.11295714961056e-28	0.0	0.0	0.0	0.0001086506	4.016064e-05	500.0	0.0	5.0570148766668484e-05	1.0	1.0	0.0	0.0	0.0	0.0
5443.781	1.1238433686510848e-28	0.0	0.0	0.0	0.0001086506	4.016064e-05	500.0	0.0	5.10647928925259e-05	1.0	1.0	0.0	0.0	0.0	0.0
5444.518	1.1348792465783673e-28	0.0	0.0	0.0	0.0001086506	4.016064e-05	500.0	0.0	5.156623716533438e-05	1.0	1.0	0.0	0.0	0.0	0.0
5445.256	1.1459392792661308e-28	0.0	0.0	0.0	0.0001086506	4.016064e-05	500.0	0.0	5.206877897350743e-05	1.0	1.0	0.0	0.0	0.0	0.0
5445.993	1.15676263369227e-28	0.0	0.0	0.0	0.0001086506	4.016064e-05	500.0	0.0	5.25605666795083e-05	1.0	1.0	0.0	0.0	0.0	0.0
5446.73	1.1670181076109748e-28	0.0	0.0	0.0	0.0001086506	4.016064e-05	500.0	0.0	5.3026551234190445e-05	1.0	1.0	0.0	0.0	0.0	0.0
5447.467	1.1762447075192306e-28	0.0	0.0	0.0	0.0001086506	4.016064e-05	500.0	0.0	5.3445786179699616e-05	1.0	1.0	0.0	0.0	0.0	0.0
5448.204	1.183895851432631e-28	0.0	0.0	0.0	0.0001086506	4.016064e-05	500.0	0.0	5.379343611938619e-05	1.0	1.0	0.0	0.0	0.0	0.0
5448.941	1.1893918668267074e-28	0.0	0.0	0.0	0.0001086506	4.016064e-05	500.0	0.0	5.404316210048043e-05	1.0	1.0	0.0	0.0	0.0	0.0
5449.678	1.1921848259411532e-28	0.0	0.0	0.0	0.0001086506	4.016064e-05	500.0	0.0	5.417006757744886e-05	1.0	1.0	0.0	0.0	0.0	0.0
5450.415	1.1918218057262443e-28	0.0	0.0	0.0	0.0001086506	4.016064e-05	500.0	0.0	5.4153572794806345e-05	1.0	1.0	0.0	0.0	0.0	0.0
5451.152	1.1879934401525717e-28	0.0	0.0	0.0	0.0001086506	4.016064e-05	500.0	0.0	5.397962088959457e-05	1.0	1.0	0.0	0.0	0.0	0.0
5451.889	1.1805589280899515e-28	0.0	0.0	0.0	0.0001086506	4.016064e-05	500.0	0.0	5.3641814190436524e-05	1.0	1.0	0.0	0.0	0.0	0.0
5452.627	1.1695280111058967e-28	0.0	0.0	0.0	0.0001086506	4.016064e-05	500.0	0.0	5.314059533119148e-05	1.0	1.0	0.0	0.0	0.0	0.0
5453.364	1.1551042811790139e-28	0.0	0.0	0.0	0.0001086506	4.016064e-05	500.0	0.0	5.248521505134158e-05	1.0	1.0	0.0	0.0	0.0	0.0
5454.101	1.1375631106565568e-28	0.0	0.0	0.0	0.0001086506	4.016064e-05	500.0	0.0	5.1688185621077764e-05	1.0	1.0	0.0	0.0	0.0	0.0
5454.838	1.1172761791048047e-28	0.0	0.0	0.0	0.0001086506	4.016064e-05	500.0	0.0	5.076639528355191e-05	1.0	1.0	0.0	0.0	0.0	0.0
5455.575	1.0946790672512464e-28	0.0	0.0	0.0	0.0001086506	4.016064e-05	500.0	0.0	4.9739635800016225e-05	1.0	1.0	0.0	0.0	0.0	0.0
5456.312	1.0702651624426962e-28	0.0	0.0	0.0	0.0001086506	4.016064e-05	500.0	0.0	4.863032552820956e-05	1.0	1.0	0.0	0.0	0.0	0.0
5457.049	1.044589120246377e-28	0.0	0.0	0.0	0.0001086506	4.016064e-05	500.0	0.0	4.746366670934895e-05	1.0	1.0	0.0	0.0	0.0	0.0
5457.786	1.0182702019427556e-28	0.0	0.0	0.0	0.0001086506	4.016064e-05	500.0	0.0	4.6267797115935e-05	1.0	1.0	0.0	0.0	0.0	0.0
5458.523	9.91984484205696e-29	0.0	0.0	0.0	0.0001086506	4.016064e-05	500.0	0.0	4.507343607798588e-05	1.0	1.0	0.0	0.0	0.0	0.0
5459.26	9.664384608665461e-29	0.0	0.0	0.0	0.0001086506	4.016064e-05	500.0	0.0	4.391268500943878e-05	1.0	1.0	0.0	0.0	0.0	0.0
5459.998	9.422922234796125e-29	0.0	0.0	0.0	0.0001086506	4.016064e-05	500.0	0.0	4.2815536914168625e-05	1.0	1.0	0.0	0.0	0.0	0.0
5460.735	9.20231755034343e-29	0.0	0.0	0.0	0.0001086506	4.016064e-05	500.0	0.0	4.181316124181679e-05	1.0	1.0	0.0	0.0	0.0	0.0
5461.472	9.0071678072884e-29	0.0	0.0	0.0	0.0001086506	4.016064e-05	500.0	0.0	4.0926446821452695e-05	1.0	1.0	0.0	0.0	0.0	0.0
5462.209	8.84077109886827e-29	0.0	0.0	0.0	0.0001086506	4.016064e-05	500.0	0.0	4.017037941112747e-05	1.0	1.0	0.0	0.0	0.0	0.0
5462.946	8.704692744114249e-29	0.0	0.0	0.0	0.0001086506	4.016064e-05	500.0	0.0	3.9552071451450656e-05	1.0	1.0	0.0	0.0	0.0	0.0
5463.683	8.598984080078594e-29	0.0	0.0	0.0	0.0001086506	4.016064e-05	500.0	0.0	3.907175620588353e-05	1.0	1.0	0.0	0.0	0.0	0.0
5464.42	8.522658827237534e-29	0.0	0.0	0.0	0.0001086506	4.016064e-05	500.0	0.0	3.872495225281341e-05	1.0	1.0	0.0	0.0	0.0	0.0
5465.157	8.47429621993954e-29	0.0	0.0	0.0	0.0001086506	4.016064e-05	500.0	0.0	3.850520396810547e-05	1.0	1.0	0.0	0.0	0.0	0.0
5465.894	8.452605391149085e-29	0.0	0.0	0.0	0.0001086506	4.016064e-05	500.0	0.0	3.840664595630875e-05	1.0	1.0	0.0	0.0	0.0	0.0
5466.631	8.456801148972065e-29	0.0	0.0	0.0	0.0001086506	4.016064e-05	500.0	0.0	3.8425710490587654e-05	1.0	1.0	0.0	0.0	0.0	0.0
5467.369	8.486760029899039e-29	0.0	0.0	0.0	0.0001086506	4.016064e-05	500.0	0.0	3.85618365818653e-05	1.0	1.0	0.0	0.0	0.0	0.0
5468.106	8.542640472978873e-29	0.0	0.0	0.0	0.0001086506	4.016064e-05	500.0	0.0	3.881574413982325e-05	1.0	1.0	0.0	0.0	0.0	0.0
5468.843	8.624744202424572e-29	0.0	0.0	0.0	0.0001086506	4.016064e-05	500.0	0.0	3.918880412814536e-05	1.0	1.0	0.0	0.0	0.0	0.0
5469.58	8.73294938250867e-29	0.0	0.0	0.0	0.0001086506	4.016064e-05	500.0	0.0	3.968046295401227e-05	1.0	1.0	0.0	0.0	0.0	0.0
5470.317	8.866389774763339e-29	0.0	0.0	0.0	0.0001086506	4.016064e-05	500.0	0.0	4.0286784634066386e-05	1.0	1.0	0.0	0.0	0.0	0.0
5471.054	9.023325013334523e-29	0.0	0.0	0.0	0.0001086506	4.016064e-05	500.0	0.0	4.099986135620743e-05	1.0	1.0	0.0	0.0	0.0	0.0
5471.791	9.201273056244297e-29	0.0	0.0	0.0	0.0001086506	4.016064e-05	500.0	0.0	4.180841530689939e-05	1.0	1.0	0.0	0.0	0.0	0.0
5472.528	9.397368804011915e-29	0.0	0.0	0.0	0.0001086506	4.016064e-05	500.0	0.0	4.2699428149630074e-05	1.0	1.0	0.0	0.0	0.0	0.0
5473.265	9.608843289549681e-29	0.0	0.0	0.0	0.0001086506	4.016064e-05	500.0	0.0	4.366031835081542e-05	1.0	1.0	0.0	0.0	0.0	0.0
5474.002	9.833485360613356e-29	0.0	0.0	0.0	0.0001086506	4.016064e-05	500.0	0.0	4.468103895599933e-05	1.0	1.0	0.0	0.0	0.0	0.0
5474.74	1.0070291181747835e-28	0.0	0.0	0.0	0.0001086506	4.016064e-05	500.0	0.0	4.575702877355646e-05	1.0	1.0	0.0	0.0	0.0	0.0
5475.477	1.0318277472513678e-28	0.0	0.0	0.0	0.0001086506	4.016064e-05	500.0	0.0	4.68838200090062e-05	1.0	1.0	0.0	0.0	0.0	0.0
5476.214	1.0578316127509554e-28	0.0	0.0	0.0	0.0001086506	4.016064e-05	500.0	0.0	4.8065374345831055e-05	1.0	1.0	0.0	0.0	0.0	0.0
5476.951	1.0851639389745608e-28	0.0	0.0	0.0	0.0001086506	4.016064e-05	500.0	0.0	4.9307290805732936e-05	1.0	1.0	0.0	0.0	0.0	0.0
5477.688	1.113988687487306e-28	0.0	0.0	0.0	0.0001086506	4.016064e-05	500.0	0.0	5.061701941564518e-05	1.0	1.0	0.0	0.0	0.0	0.0
5478.425	1.1444872974623831e-28	0.0	0.0	0.0	0.0001086506	4.016064e-05	500.0	0.0	5.2002804343803396e-05	1.0	1.0	0.0	0.0	0.0	0.0
5479.162	1.1768403050410386e-28	0.0	0.0	0.0	0.0001086506	4.016064e-05	500.0	0.0	5.3472848726800766e-05	1.0	1.0	0.0	0.0	0.0	0.0
5479.899	1.2112086044975558e-28	0.0	0.0	0.0	0.0001086506	4.016064e-05	500.0	0.0	5.5034463221106894e-05	1.0	1.0	0.0	0.0	0.0	0.0
5480.636	1.2477047745185911e-28	0.0	0.0	0.0	0.0001086506	4.016064e-05	500.0	0.0	5.669276313680732e-05	1.0	1.0	0.0	0.0	0.0	0.0
5481.373	1.2863456072947635e-28	0.0	0.0	0.0	0.0001086506	4.016064e-05	500.0	0.0	5.844851147145143e-05	1.0	1.0	0.0	0.0	0.0	0.0
5482.111	1.3270397498756587e-28	0.0	0.0	0.0	0.0001086506	4.016064e-05	500.0	0.0	6.029755736236285e-05	1.0	1.0	0.0	0.0	0.0	0.0
5482.848	1.3692820691822913e-28	0.0	0.0	0.0	0.0001086506	4.016064e-05	500.0	0.0	6.221694875342675e-05	1.0	1.0	0.0	0.0	0.0	0.0
5483.585	1.4124086563058568e-28	0.0	0.0	0.0	0.0001086506	4.016064e-05	500.0	0.0	6.41765191891803e-05	1.0	1.0	0.0	0.0	0.0	0.0
5484.322	1.4553331049472884e-28	0.0	0.0	0.0	0.0001086506	4.016064e-05	500.0	0.0	6.61269049289044e-05	1.0	1.0	0.0	0.0	0.0	0.0
5485.059	1.496611223738254e-28	0.0	0.0	0.0	0.0001086506	4.016064e-05	500.0	0.0	6.800248532191214e-05	1.0	1.0	0.0	0.0	0.0	0.0
5485.796	1.5345247159589631e-28	0.0	0.0	0.0	0.0001086506	4.016064e-05	500.0	0.0	6.972518501662732e-05	1.0	1.0	0.0	0.0	0.0	0.0
5486.533	1.5672381126991428e-28	0.0	0.0	0.0	0.0001086506	4.016064e-05	500.0	0.0	7.121160463340483e-05	1.0	1.0	0.0	0.0	0.0	0.0
5487.27	1.5930100235472303e-28	0.0	0.0	0.0	0.0001086506	4.016064e-05	500.0	0.0	7.23826194977643e-05	1.0	1.0	0.0	0.0	0.0	0.0
5488.007	1.6104224200198215e-28	0.0	0.0	0.0	0.0001086506	4.016064e-05	500.0	0.0	7.31737977388235e-05	1.0	1.0	0.0	0.0	0.0	0.0
5488.744	1.6185818908857517e-28	0.0	0.0	0.0	0.0001086506	4.016064e-05	500.0	0.0	7.35445448567083e-05	1.0	1.0	0.0	0.0	0.0	0.0
5489.482	1.6172404314929972e-28	0.0	0.0	0.0	0.0001086506	4.016064e-05	500.0	0.0	7.348359210477191e-05	1.0	1.0	0.0	0.0	0.0	0.0
5490.219	1.6068426649865666e-28	0.0	0.0	0.0	0.0001086506	4.016064e-05	500.0	0.0	7.301114211039856e-05	1.0	1.0	0.0	0.0	0.0	0.0
5490.956	1.588430934100907e-28	0.0	0.0	0.0	0.0001086506	4.016064e-05	500.0	0.0	7.217455646982339e-05	1.0	1.0	0.0	0.0	0.0	0.0
5491.693	1.5634668558139278e-28	0.0	0.0	0.0	0.0001086506	4.016064e-05	500.0	0.0	7.104024761234668e-05	1.0	1.0	0.0	0.0	0.0	0.0
5492.43	1.5336139560487598e-28	0.0	0.0	0.0	0.0001086506	4.016064e-05	500.0	0.0	6.968380223368206e-05	1.0	1.0	0.0	0.0	0.0	0.0
5493.167	1.500517248178495e-28	0.0	0.0	0.0	0.0001086506	4.016064e-05	500.0	0.0	6.817996586291799e-05	1.0	1.0	0.0	0.0	0.0	0.0
5493.904	1.4656303205664967e-28	0.0	0.0	0.0	0.0001086506	4.016064e-05	500.0	0.0	6.659478612803954e-05	1.0	1.0	0.0	0.0	0.0	0.0
5494.641	1.4301188192496374e-28	0.0	0.0	0.0	0.0001086506	4.016064e-05	500.0	0.0	6.498122723662158e-05	1.0	1.0	0.0	0.0	0.0	0.0
5495.378	1.394845684328898e-28	0.0	0.0	0.0	0.0001086506	4.016064e-05	500.0	0.0	6.337849915222703e-05	1.0	1.0	0.0	0.0	0.0	0.0
5496.115	1.3604213770476184e-28	0.0	0.0	0.0	0.0001086506	4.016064e-05	500.0	0.0	6.181433979441799e-05	1.0	1.0	0.0	0.0	0.0	0.0
5496.853	1.3272444760240056e-28	0.0	0.0	0.0	0.0001086506	4.016064e-05	500.0	0.0	6.030685963584386e-05	1.0	1.0	0.0	0.0	0.0	0.0
5497.59	1.2957654037143354e-28	0.0	0.0	0.0	0.0001086506	4.016064e-05	500.0	0.0	5.887652481091932e-05	1.0	1.0	0.0	0.0	0.0	0.0
5498.327	1.2662774741039548e-28	0.0	0.0	0.0	0.0001086506	4.016064e-05	500.0	0.0	5.753666281556776e-05	1.0	1.0	0.0	0.0	0.0	0.0
5499.064	1.2391249554775282e-28	0.0	0.0	0.0	0.0001086506	4.016064e-05	500.0	0.0	5.630291638893436e-05	1.0	1.0	0.0	0.0	0.0	0.0
5499.801	1.214649956329885e-28	0.0	0.0	0.0	0.0001086506	4.016064e-05	500.0	0.0	5.5190830134406506e-05	1.0	1.0	0.0	0.0	0.0	0.0
5500.538	1.1931639413749883e-28	0.0	0.0	0.0	0.0001086506	4.016064e-05	500.0	0.0	5.4214556274220426e-05	1.0	1.0	0.0	0.0	0.0	0.0
5501.275	1.1749124534048873e-28	0.0	0.0	0.0	0.0001086506	4.016064e-05	500.0	0.0	5.3385251693910185e-05	1.0	1.0	0.0	0.0	0.0	0.0
5502.012	1.1600446463014493e-28	0.0	0.0	0.0	0.0001086506	4.016064e-05	500.0	0.0	5.2709693594195315e-05	1.0	1.0	0.0	0.0	0.0	0.0
5502.749	1.148593562604362e-28	0.0	0.0	0.0	0.0001086506	4.016064e-05	500.0	0.0	5.2189383350172086e-05	1.0	1.0	0.0	0.0	0.0	0.0
5503.486	1.1404677725737776e-28	0.0	0.0	0.0	0.0001086506	4.016064e-05	500.0	0.0	5.1820166610033294e-05	1.0	1.0	0.0	0.0	0.0	0.0
5504.224	1.1354473112793502e-28	0.0	0.0	0.0	0.0001086506	4.016064e-05	500.0	0.0	5.159204868597365e-05	1.0	1.0	0.0	0.0	0.0	0.0
5504.961	1.133214221199025e-28	0.0	0.0	0.0	0.0001086506	4.016064e-05	500.0	0.0	5.1490582337865886e-05	1.0	1.0	0.0	0.0	0.0	0.0
5505.698	1.1333268440333987e-28	0.0	0.0	0.0	0.0001086506	4.016064e-05	500.0	0.0	5.14956996539196e-05	1.0	1.0	0.0	0.0	0.0	0.0
5506.435	1.1352735989923272e-28	0.0	0.0	0.0	0.0001086506	4.016064e-05	500.0	0.0	5.158415560922723e-05	1.0	1.0	0.0	0.0	0.0	0.0
5507.172	1.1384971993318435e-28	0.0	0.0	0.0	0.0001086506	4.016064e-05	500.0	0.0	5.1730628408104234e-05	1.0	1.0	0.0	0.0	0.0	0.0
5507.909	1.1424379858744374e-28	0.0	0.0	0.0	0.0001086506	4.016064e-05	500.0	0.0	5.190968845707951e-05	1.0	1.0	0.0	0.0	0.0	0.0
5508.646	1.1465838633198896e-28	0.0	0.0	0.0	0.0001086506	4.016064e-05	500.0	0.0	5.2098067353120804e-05	1.0	1.0	0.0	0.0	0.0	0.0
5509.383	1.1505194808315689e-28	0.0	0.0	0.0	0.0001086506	4.016064e-05	500.0	0.0	5.227689253351878e-05	1.0	1.0	0.0	0.0	0.0	0.0
5510.12	1.1539653445592273e-28	0.0	0.0	0.0	0.0001086506	4.016064e-05	500.0	0.0	5.243346445670408e-05	1.0	1.0	0.0	0.0	0.0	0.0
5510.857	1.156798489418747e-28	0.0	0.0	0.0	0.0001086506	4.016064e-05	500.0	0.0	5.256219587917938e-05	1.0	1.0	0.0	0.0	0.0	0.0
5511.595	1.159052838376271e-28	0.0	0.0	0.0	0.0001086506	4.016064e-05	500.0	0.0	5.2664628180543244e-05	1.0	1.0	0.0	0.0	0.0	0.0
5512.332	1.1608832808955478e-28	0.0	0.0	0.0	0.0001086506	4.016064e-05	500.0	0.0	5.274779917283262e-05	1.0	1.0	0.0	0.0	0.0	0.0
5513.069	1.162542554387974e-28	0.0	0.0	0.0	0.0001086506	4.016064e-05	500.0	0.0	5.282319264812135e-05	1.0	1.0	0.0	0.0	0.0	0.0
5513.806	1.164319662944128e-28	0.0	0.0	0.0	0.0001086506	4.016064e-05	500.0	0.0	5.290394027087635e-05	1.0	1.0	0.0	0.0	0.0	0.0
5514.543	1.1664958296785904e-28	0.0	0.0	0.0	0.0001086506	4.016064e-05	500.0	0.0	5.3002820156361016e-05	1.0	1.0	0.0	0.0	0.0	0.0
5515.28	1.169304714952699e-28	0.0	0.0	0.0	0.0001086506	4.016064e-05	500.0	0.0	5.313044928047409e-05	1.0	1.0	0.0	0.0	0.0	0.0
5516.017	1.1729031737825845e-28	0.0	0.0	0.0	0.0001086506	4.016064e-05	500.0	0.0	5.329395476531842e-05	1.0	1.0	0.0	0.0	0.0	0.0
5516.754	1.1773523758764723e-28	0.0	0.0	0.0	0.0001086506	4.016064e-05	500.0	0.0	5.349611601821087e-05	1.0	1.0	0.0	0.0	0.0	0.0
5517.491	1.1826079704994621e-28	0.0	0.0	0.0	0.0001086506	4.016064e-05	500.0	0.0	5.373491784632698e-05	1.0	1.0	0.0	0.0	0.0	0.0
5518.229	1.1885273543599453e-28	0.0	0.0	0.0	0.0001086506	4.016064e-05	500.0	0.0	5.40038806923237e-05	1.0	1.0	0.0	0.0	0.0	0.0
5518.966	1.1948461221373385e-28	0.0	0.0	0.0	0.0001086506	4.016064e-05	500.0	0.0	5.429099060184413e-05	1.0	1.0	0.0	0.0	0.0	0.0
5519.703	1.2012504681711822e-28	0.0	0.0	0.0	0.0001086506	4.016064e-05	500.0	0.0	5.45819889855627e-05	1.0	1.0	0.0	0.0	0.0	0.0
5520.44	1.207386377985299e-28	0.0	0.0	0.0	0.0001086506	4.016064e-05	500.0	0.0	5.4860790260371275e-05	1.0	1.0	0.0	0.0	0.0	0.0
5521.177	1.212923659462933e-28	0.0	0.0	0.0	0.0001086506	4.016064e-05	500.0	0.0	5.5112391275005895e-05	1.0	1.0	0.0	0.0	0.0	0.0
5521.914	1.217620483946694e-28	0.0	0.0	0.0	0.0001086506	4.016064e-05	500.0	0.0	5.532580390545428e-05	1.0	1.0	0.0	0.0	0.0	0.0
5522.651	1.2213821338070133e-28	0.0	0.0	0.0	0.0001086506	4.016064e-05	500.0	0.0	5.5496724405952465e-05	1.0	1.0	0.0	0.0	0.0	0.0
5523.388	1.2242967766761042e-28	0.0	0.0	0.0	0.0001086506	4.016064e-05	500.0	0.0	5.5629158905828056e-05	1.0	1.0	0.0	0.0	0.0	0.0
5524.125	1.2266333157370013e-28	0.0	0.0	0.0	0.0001086506	4.016064e-05	500.0	0.0	5.573532573170275e-05	1.0	1.0	0.0	0.0	0.0	0.0
5524.862	1.2287945259361466e-28	0.0	0.0	0.0	0.0001086506	4.016064e-05	500.0	0.0	5.583352602748688e-05	1.0	1.0	0.0	0.0	0.0	0.0
5525.6	1.2312344475542747e-28	0.0	0.0	0.0	0.0001086506	4.016064e-05	500.0	0.0	5.5944390313008495e-05	1.0	1.0	0.0	0.0	0.0	0.0
5526.337	1.2343364218009172e-28	0.0	0.0	0.0	0.0001086506	4.016064e-05	500.0	0.0	5.608533670899326e-05	1.0	1.0	0.0	0.0	0.0	0.0
5527.074	1.238326878827624e-28	0.0	0.0	0.0	0.0001086506	4.016064e-05	500.0	0.0	5.62666536676544e-05	1.0	1.0	0.0	0.0	0.0	0.0
5527.811	1.2431871673693218e-28	0.0	0.0	0.0	0.0001086506	4.016064e-05	500.0	0.0	5.6487493719482625e-05	1.0	1.0	0.0	0.0	0.0	0.0
5528.548	1.2486288557161198e-28	0.0	0.0	0.0	0.0001086506	4.016064e-05	500.0	0.0	5.673475120763993e-05	1.0	1.0	0.0	0.0	0.0	0.0
5529.285	1.2541218581814707e-28	0.0	0.0	0.0	0.0001086506	4.016064e-05	500.0	0.0	5.698434028835672e-05	1.0	1.0	0.0	0.0	0.0	0.0
5530.022	1.2589733337284568e-28	0.0	0.0	0.0	0.0001086506	4.016064e-05	500.0	0.0	5.720477989848437e-05	1.0	1.0	0.0	0.0	0.0	0.0
5530.759	1.2624424980755578e-28	0.0	0.0	0.0	0.0001086506	4.016064e-05	500.0	0.0	5.7362410546879334e-05	1.0	1.0	0.0	0.0	0.0	0.0
5531.496	1.263871572014654e-28	0.0	0.0	0.0	0.0001086506	4.016064e-05	500.0	0.0	5.742734429722538e-05	1.0	1.0	0.0	0.0	0.0	0.0
5532.233	1.2628127761706893e-28	0.0	0.0	0.0	0.0001086506	4.016064e-05	500.0	0.0	5.737923511048664e-05	1.0	1.0	0.0	0.0	0.0	0.0
5532.971	1.2591269359442835e-28	0.0	0.0	0.0	0.0001086506	4.016064e-05	500.0	0.0	5.721175922101082e-05	1.0	1.0	0.0	0.0	0.0	0.0
5533.708	1.2530761981943983e-28	0.0	0.0	0.0	0.0001086506	4.016064e-05	500.0	0.0	5.693682796398367e-05	1.0	1.0	0.0	0.0	0.0	0.0
5534.445	1.2453133120523528e-28	0.0	0.0	0.0	0.0001086506	4.016064e-05	500.0	0.0	5.658410072089141e-05	1.0	1.0	0.0	0.0	0.0	0.0
5535.182	1.2368592256952116e-28	0.0	0.0	0.0	0.0001086506	4.016064e-05	500.0	0.0	5.619996696972544e-05	1.0	1.0	0.0	0.0	0.0	0.0
5535.919	1.2289981071411984e-28	0.0	0.0	0.0	0.0001086506	4.016064e-05	500.0	0.0	5.584277627744409e-05	1.0	1.0	0.0	0.0	0.0	0.0
5536.656	1.2231175069148945e-28	0.0	0.0	0.0	0.0001086506	4.016064e-05	500.0	0.0	5.5575575668341076e-05	1.0	1.0	0.0	0.0	0.0	0.0
5537.393	1.2205077422860598e-28	0.0	0.0	0.0	0.0001086506	4.016064e-05	500.0	0.0	5.545699411686595e-05	1.0	1.0	0.0	0.0	0.0	0.0
5538.13	1.2221507528779547e-28	0.0	0.0	0.0	0.0001086506	4.016064e-05	500.0	0.0	5.553164864429893e-05	1.0	1.0	0.0	0.0	0.0	0.0
5538.867	1.2285376169565923e-28	0.0	0.0	0.0	0.0001086506	4.016064e-05	500.0	0.0	5.5821852689191594e-05	1.0	1.0	0.0	0.0	0.0	0.0
5539.604	1.2395547844000492e-28	0.0	0.0	0.0	0.0001086506	4.016064e-05	500.0	0.0	5.6322446801730305e-05	1.0	1.0	0.0	0.0	0.0	0.0
5540.342	1.2544923102929998e-28	0.0	0.0	0.0	0.0001086506	4.016064e-05	500.0	0.0	5.700117275885884e-05	1.0	1.0	0.0	0.0	0.0	0.0
5541.079	1.272055274828198e-28	0.0	0.0	0.0	0.0001086506	4.016064e-05	500.0	0.0	5.779919245767607e-05	1.0	1.0	0.0	0.0	0.0	0.0
5541.816	1.2906882166653977e-28	0.0	0.0	0.0	0.0001086506	4.016064e-05	500.0	0.0	5.8645829402321764e-05	1.0	1.0	0.0	0.0	0.0	0.0
5542.553	1.3087659047514681e-28	0.0	0.0	0.0	0.0001086506	4.016064e-05	500.0	0.0	5.94672369256841e-05	1.0	1.0	0.0	0.0	0.0	0.0
5543.29	1.3248947474989865e-28	0.0	0.0	0.0	0.0001086506	4.016064e-05	500.0	0.0	6.020009351181736e-05	1.0	1.0	0.0	0.0	0.0	0.0
5544.027	1.3381520599039616e-28	0.0	0.0	0.0	0.0001086506	4.016064e-05	500.0	0.0	6.080247452963139e-05	1.0	1.0	0.0	0.0	0.0	0.0
5544.764	1.3482268169257132e-28	0.0	0.0	0.0	0.0001086506	4.016064e-05	500.0	0.0	6.126024773460722e-05	1.0	1.0	0.0	0.0	0.0	0.0
5545.501	1.3554273897606482e-28	0.0	0.0	0.0	0.0001086506	4.016064e-05	500.0	0.0	6.158742478683723e-05	1.0	1.0	0.0	0.0	0.0	0.0
5546.238	1.3605524481261861e-28	0.0	0.0	0.0	0.0001086506	4.016064e-05	500.0	0.0	6.182029535519093e-05	1.0	1.0	0.0	0.0	0.0	0.0
5546.975	1.3646559714388084e-28	0.0	0.0	0.0	0.0001086506	4.016064e-05	500.0	0.0	6.200674977929829e-05	1.0	1.0	0.0	0.0	0.0	0.0
5547.713	1.368772388325545e-28	0.0	0.0	0.0	0.0001086506	4.016064e-05	500.0	0.0	6.219379005701314e-05	1.0	1.0	0.0	0.0	0.0	0.0
5548.45	1.3736411908099482e-28	0.0	0.0	0.0	0.0001086506	4.016064e-05	500.0	0.0	6.241501696232387e-05	1.0	1.0	0.0	0.0	0.0	0.0
5549.187	1.37958017743477e-28	0.0	0.0	0.0	0.0001086506	4.016064e-05	500.0	0.0	6.268487051171306e-05	1.0	1.0	0.0	0.0	0.0	0.0
5549.924	1.38643899928999e-28	0.0	0.0	0.0	0.0001086506	4.016064e-05	500.0	0.0	6.299651920519952e-05	1.0	1.0	0.0	0.0	0.0	0.0
5550.661	1.393710557391003e-28	0.0	0.0	0.0	0.0001086506	4.016064e-05	500.0	0.0	6.332692166055226e-05	1.0	1.0	0.0	0.0	0.0	0.0
5551.398	1.4007294947534336e-28	0.0	0.0	0.0	0.0001086506	4.016064e-05	500.0	0.0	6.364584562516873e-05	1.0	1.0	0.0	0.0	0.0	0.0
5552.135	1.406900110784932e-28	0.0	0.0	0.0	0.0001086506	4.016064e-05	500.0	0.0	6.39262238686654e-05	1.0	1.0	0.0	0.0	0.0	0.0
5552.872	1.4118886247390895e-28	0.0	0.0	0.0	0.0001086506	4.016064e-05	500.0	0.0	6.415289018090808e-05	1.0	1.0	0.0	0.0	0.0	0.0
5553.609	1.4157334963530988e-28	0.0	0.0	0.0	0.0001086506	4.016064e-05	500.0	0.0	6.432759208167508e-05	1.0	1.0	0.0	0.0	0.0	0.0
5554.346	1.4188584927522717e-28	0.0	0.0	0.0	0.0001086506	4.016064e-05	500.0	0.0	6.446958454998957e-05	1.0	1.0	0.0	0.0	0.0	0.0
5555.084	1.4220085995692512e-28	0.0	0.0	0.0	0.0001086506	4.016064e-05	500.0	0.0	6.46127179764843e-05	1.0	1.0	0.0	0.0	0.0	0.0
5555.821	1.42611738000701e-28	0.0	0.0	0.0	0.0001086506	4.016064e-05	500.0	0.0	6.47994112719627e-05	1.0	1.0	0.0	0.0	0.0	0.0
5556.558	1.4322051024688854e-28	0.0	0.0	0.0	0.0001086506	4.016064e-05	500.0	0.0	6.507602302710075e-05	1.0	1.0	0.0	0.0	0.0	0.0
5557.295	1.4412536899734494e-28	0.0	0.0	0.0	0.0001086506	4.016064e-05	500.0	0.0	6.548716950870081e-05	1.0	1.0	0.0	0.0	0.0	0.0
5558.032	1.454124734157884e-28	0.0	0.0	0.0	0.0001086506	4.016064e-05	500.0	0.0	6.607199940931018e-05	1.0	1.0	0.0	0.0	0.0	0.0
5558.769	1.4714889485316725e-28	0.0	0.0	0.0	0.0001086506	4.016064e-05	500.0	0.0	6.686098836940273e-05	1.0	1.0	0.0	0.0	0.0	0.0
5559.506	1.493758868117834e-28	0.0	0.0	0.0	0.0001086506	4.016064e-05	500.0	0.0	6.787288100775632e-05	1.0	1.0	0.0	0.0	0.0	0.0
5560.243	1.521020126578206e-28	0.0	0.0	0.0	0.0001086506	4.016064e-05	500.0	0.0	6.911156831605926e-05	1.0	1.0	0.0	0.0	0.0	0.0
5560.98	1.5529714408002866e-28	0.0	0.0	0.0	0.0001086506	4.016064e-05	500.0	0.0	7.05633607000397e-05	1.0	1.0	0.0	0.0	0.0	0.0
5561.717	1.5888967853834599e-28	0.0	0.0	0.0	0.0001086506	4.016064e-05	500.0	0.0	7.219572365372628e-05	1.0	1.0	0.0	0.0	0.0	0.0
5562.455	1.6277507151353036e-28	0.0	0.0	0.0	0.0001086506	4.016064e-05	500.0	0.0	7.396115461250843e-05	1.0	1.0	0.0	0.0	0.0	0.0
5563.192	1.6680503089631126e-28	0.0	0.0	0.0	0.0001086506	4.016064e-05	500.0	0.0	7.579227313834003e-05	1.0	1.0	0.0	0.0	0.0	0.0
5563.929	1.7083707310726973e-28	0.0	0.0	0.0	0.0001086506	4.016064e-05	500.0	0.0	7.762433805218693e-05	1.0	1.0	0.0	0.0	0.0	0.0
5564.666	1.7473514635724457e-28	0.0	0.0	0.0	0.0001086506	4.016064e-05	500.0	0.0	7.93955306288605e-05	1.0	1.0	0.0	0.0	0.0	0.0
5565.403	1.7839503666642485e-28	0.0	0.0	0.0	0.0001086506	4.016064e-05	500.0	0.0	8.105849849307429e-05	1.0	1.0	0.0	0.0	0.0	0.0
5566.14	1.817582524747555e-28	0.0	0.0	0.0	0.0001086506	4.016064e-05	500.0	0.0	8.258666445904346e-05	1.0	1.0	0.0	0.0	0.0	0.0
5566.877	1.8481587286107601e-28	0.0	0.0	0.0	0.0001086506	4.016064e-05	500.0	0.0	8.397597507052865e-05	1.0	1.0	0.0	0.0	0.0	0.0
5567.614	1.8760176065135353e-28	0.0	0.0	0.0	0.0001086506	4.016064e-05	500.0	0.0	8.524181679723734e-05	1.0	1.0	0.0	0.0	0.0	0.0
5568.351	1.9017786540785975e-28	0.0	0.0	0.0	0.0001086506	4.016064e-05	500.0	0.0	8.641233805962939e-05	1.0	1.0	0.0	0.0	0.0	0.0
5569.088	1.9261671321980897e-28	0.0	0.0	0.0	0.0001086506	4.016064e-05	500.0	0.0	8.752049300263588e-05	1.0	1.0	0.0	0.0	0.0	0.0
5569.826	1.949898619141344e-28	0.0	0.0	0.0	0.0001086506	4.016064e-05	500.0	0.0	8.859879581563687e-05	1.0	1.0	0.0	0.0	0.0	0.0
5570.563	1.9734713782459984e-28	0.0	0.0	0.0	0.0001086506	4.016064e-05	500.0	0.0	8.966988640989768e-05	1.0	1.0	0.0	0.0	0.0	0.0
5571.3	1.9973549402940283e-28	0.0	0.0	0.0	0.0001086506	4.016064e-05	500.0	0.0	9.075509915709956e-05	1.0	1.0	0.0	0.0	0.0	0.0
5572.037	2.0219118741123364e-28	0.0	0.0	0.0	0.0001086506	4.016064e-05	500.0	0.0	9.187090832987823e-05	1.0	1.0	0.0	0.0	0.0	0.0
5572.774	2.0474902326682736e-28	0.0	0.0	0.0	0.0001086506	4.016064e-05	500.0	0.0	9.303312863443671e-05	1.0	1.0	0.0	0.0	0.0	0.0
5573.511	2.0744491505769667e-28	0.0	0.0	0.0	0.0001086506	4.016064e-05	500.0	0.0	9.425807830092483e-05	1.0	1.0	0.0	0.0	0.0	0.0
5574.248	2.1031260014759868e-28	0.0	0.0	0.0	0.0001086506	4.016064e-05	500.0	0.0	9.556108679197991e-05	1.0	1.0	0.0	0.0	0.0	0.0
5574.985	2.1337516773961583e-28	0.0	0.0	0.0	0.0001086506	4.016064e-05	500.0	0.0	9.695264529708927e-05	1.0	1.0	0.0	0.0	0.0	0.0
5575.722	2.1663474037794867e-28	0.0	0.0	0.0	0.0001086506	4.016064e-05	500.0	0.0	9.843371825029267e-05	1.0	1.0	0.0	0.0	0.0	0.0
5576.459	2.2006467292726357e-28	0.0	0.0	0.0	0.0001086506	4.016064e-05	500.0	0.0	9.999219873032899e-05	1.0	1.0	0.0	0.0	0.0	0.0
5577.197	2.2361234659947304e-28	0.0	0.0	0.0	0.0001086506	4.016064e-05	500.0	0.0	0.00010160417800052823	1.0	1.0	0.0	0.0	0.0	0.0
5577.934	2.2718395588787373e-28	0.0	0.0	0.0	0.0001086506	4.016064e-05	500.0	0.0	0.00010322703305037483	1.0	1.0	0.0	0.0	0.0	0.0
5578.671	2.3068163596629525e-28	0.0	0.0	0.0	0.0001086506	4.016064e-05	500.0	0.0	0.00010481629641029737	1.0	1.0	0.0	0.0	0.0	0.0
5579.408	2.339924492380183e-28	0.0	0.0	0.0	0.0001086506	4.016064e-05	500.0	0.0	0.00010632065189917024	1.0	1.0	0.0	0.0	0.0	0.0
5580.145	2.3699842986458273e-28	0.0	0.0	0.0	0.0001086506	4.016064e-05	500.0	0.0	0.00010768649862137584	1.0	1.0	0.0	0.0	0.0	0.0
5580.882	2.395789847158144e-28	0.0	0.0	0.0	0.0001086506	4.016064e-05	500.0	0.0	0.00010885904190188757	1.0	1.0	0.0	0.0	0.0	0.0
5581.619	2.4161381236613123e-28	0.0	0.0	0.0	0.0001086506	4.016064e-05	500.0	0.0	0.00010978361960936767	1.0	1.0	0.0	0.0	0.0	0.0
5582.356	2.42991617009694e-28	0.0	0.0	0.0	0.0001086506	4.016064e-05	500.0	0.0	0.0001104096615537566	1.0	1.0	0.0	0.0	0.0	0.0
5583.093	2.4362857267573826e-28	0.0	0.0	0.0	0.0001086506	4.016064e-05	500.0	0.0	0.00011069907919037361	1.0	1.0	0.0	0.0	0.0	0.0
5583.83	2.4349582168045327e-28	0.0	0.0	0.0	0.0001086506	4.016064e-05	500.0	0.0	0.00011063876026809674	1.0	1.0	0.0	0.0	0.0	0.0
5584.568	2.4264735356006473e-28	0.0	0.0	0.0	0.0001086506	4.016064e-05	500.0	0.0	0.00011025323635923073	1.0	1.0	0.0	0.0	0.0	0.0
5585.305	2.412449635452524e-28	0.0	0.0	0.0	0.0001086506	4.016064e-05	500.0	0.0	0.00010961602340181574	1.0	1.0	0.0	0.0	0.0	0.0
5586.042	2.3954718706415273e-28	0.0	0.0	0.0	0.0001086506	4.016064e-05	500.0	0.0	0.00010884459379869217	1.0	1.0	0.0	0.0	0.0	0.0
5586.779	2.3787844037616156e-28	0.0	0.0	0.0	0.0001086506	4.016064e-05	500.0	0.0	0.00010808635464909753	1.0	1.0	0.0	0.0	0.0	0.0
5587.516	2.365653509679754e-28	0.0	0.0	0.0	0.0001086506	4.016064e-05	500.0	0.0	0.00010748971778181879	1.0	1.0	0.0	0.0	0.0	0.0
5588.253	2.358595598822813e-28	0.0	0.0	0.0	0.0001086506	4.016064e-05	500.0	0.0	0.00010716902295350283	1.0	1.0	0.0	0.0	0.0	0.0
5588.99	2.35868891274261e-28	0.0	0.0	0.0	0.0001086506	4.016064e-05	500.0	0.0	0.00010717326291800442	1.0	1.0	0.0	0.0	0.0	0.0
5589.727	2.3652068157224957e-28	0.0	0.0	0.0	0.0001086506	4.016064e-05	500.0	0.0	0.00010746942106160847	1.0	1.0	0.0	0.0	0.0	0.0
5590.464	2.3757346854088956e-28	0.0	0.0	0.0	0.0001086506	4.016064e-05	500.0	0.0	0.00010794778263772454	1.0	1.0	0.0	0.0	0.0	0.0
5591.201	2.3867873352233965e-28	0.0	0.0	0.0	0.0001086506	4.016064e-05	500.0	0.0	0.00010844998898554375	1.0	1.0	0.0	0.0	0.0	0.0
5591.939	2.394785387212187e-28	0.0	0.0	0.0	0.0001086506	4.016064e-05	500.0	0.0	0.00010881340161024203	1.0	1.0	0.0	0.0	0.0	0.0
5592.676	2.3970618885800142e-28	0.0	0.0	0.0	0.0001086506	4.016064e-05	500.0	0.0	0.00010891684046489948	1.0	1.0	0.0	0.0	0.0	0.0
5593.413	2.3927399718496235e-28	0.0	0.0	0.0	0.0001086506	4.016064e-05	500.0	0.0	0.00010872046275881306	1.0	1.0	0.0	0.0	0.0	0.0
5594.15	2.3829992988348813e-28	0.0	0.0	0.0	0.0001086506	4.016064e-05	500.0	0.0	0.00010827786954341806	1.0	1.0	0.0	0.0	0.0	0.0
5594.887	2.370822985429682e-28	0.0	0.0	0.0	0.0001086506	4.016064e-05	500.0	0.0	0.00010772460657139262	1.0	1.0	0.0	0.0	0.0	0.0
5595.624	2.360225800244206e-28	0.0	0.0	0.0	0.0001086506	4.016064e-05	500.0	0.0	0.00010724309546242944	1.0	1.0	0.0	0.0	0.0	0.0
5596.361	2.3552080042417523e-28	0.0	0.0	0.0	0.0001086506	4.016064e-05	500.0	0.0	0.00010701509864295293	1.0	1.0	0.0	0.0	0.0	0.0
5597.098	2.3587373466631386e-28	0.0	0.0	0.0	0.0001086506	4.016064e-05	500.0	0.0	0.00010717546364115654	1.0	1.0	0.0	0.0	0.0	0.0
5597.835	2.3720381438029846e-28	0.0	0.0	0.0	0.0001086506	4.016064e-05	500.0	0.0	0.00010777982050279552	1.0	1.0	0.0	0.0	0.0	0.0
5598.572	2.3943632458581883e-28	0.0	0.0	0.0	0.0001086506	4.016064e-05	500.0	0.0	0.0001087942205024341	1.0	1.0	0.0	0.0	0.0	0.0
5599.31	2.4233239859722175e-28	0.0	0.0	0.0	0.0001086506	4.016064e-05	500.0	0.0	0.00011011012825006998	1.0	1.0	0.0	0.0	0.0	0.0
5600.047	2.455423405329384e-28	0.0	0.0	0.0	0.0001086506	4.016064e-05	500.0	0.0	0.00011156865018218893	1.0	1.0	0.0	0.0	0.0	0.0
5600.784	2.487216614363864e-28	0.0	0.0	0.0	0.0001086506	4.016064e-05	500.0	0.0	0.00011301325863922254	1.0	1.0	0.0	0.0	0.0	0.0
5601.521	2.5160630372266428e-28	0.0	0.0	0.0	0.0001086506	4.016064e-05	500.0	0.0	0.00011432397208049689	1.0	1.0	0.0	0.0	0.0	0.0
5602.258	2.5408495256922915e-28	0.0	0.0	0.0	0.0001086506	4.016064e-05	500.0	0.0	0.00011545021167521063	1.0	1.0	0.0	0.0	0.0	0.0
5602.995	2.562316259329091e-28	0.0	0.0	0.0	0.0001086506	4.016064e-05	500.0	0.0	0.00011642560943776354	1.0	1.0	0.0	0.0	0.0	0.0
5603.732	2.582955227435305e-28	0.0	0.0	0.0	0.0001086506	4.016064e-05	500.0	0.0	0.00011736339548629829	1.0	1.0	0.0	0.0	0.0	0.0
5604.469	2.6064971903009195e-28	0.0	0.0	0.0	0.0001086506	4.016064e-05	500.0	0.0	0.00011843308677206799	1.0	1.0	0.0	0.0	0.0	0.0
5605.206	2.6370797181025715e-28	0.0	0.0	0.0	0.0001086506	4.016064e-05	500.0	0.0	0.00011982268472840572	1.0	1.0	0.0	0.0	0.0	0.0
5605.943	2.6782555902093817e-28	0.0	0.0	0.0	0.0001086506	4.016064e-05	500.0	0.0	0.00012169361927316096	1.0	1.0	0.0	0.0	0.0	0.0
5606.681	2.732130777000645e-28	0.0	0.0	0.0	0.0001086506	4.016064e-05	500.0	0.0	0.0001241415807349473	1.0	1.0	0.0	0.0	0.0	0.0
5607.418	2.7983800920098004e-28	0.0	0.0	0.0	0.0001086506	4.016064e-05	500.0	0.0	0.00012715179340744344	1.0	1.0	0.0	0.0	0.0	0.0
5608.155	2.8744734751432304e-28	0.0	0.0	0.0	0.0001086506	4.016064e-05	500.0	0.0	0.00013060929732532846	1.0	1.0	0.0	0.0	0.0	0.0
5608.892	2.955751725256383e-28	0.0	0.0	0.0	0.0001086506	4.016064e-05	500.0	0.0	0.00013430238937398	1.0	1.0	0.0	0.0	0.0	0.0
5609.629	3.0363591452981933e-28	0.0	0.0	0.0	0.0001086506	4.016064e-05	500.0	0.0	0.00013796500048586155	1.0	1.0	0.0	0.0	0.0	0.0
5610.366	3.110432874790509e-28	0.0	0.0	0.0	0.0001086506	4.016064e-05	500.0	0.0	0.0001413307361041997	1.0	1.0	0.0	0.0	0.0	0.0
5611.103	3.1732922632209296e-28	0.0	0.0	0.0	0.0001086506	4.016064e-05	500.0	0.0	0.00014418691850566996	1.0	1.0	0.0	0.0	0.0	0.0
5611.84	3.222283884315934e-28	0.0	0.0	0.0	0.0001086506	4.016064e-05	500.0	0.0	0.0001464129822566073	1.0	1.0	0.0	0.0	0.0	0.0
5612.577	3.257048457369573e-28	0.0	0.0	0.0	0.0001086506	4.016064e-05	500.0	0.0	0.00014799260248883942	1.0	1.0	0.0	0.0	0.0	0.0
5613.314	3.279189607766577e-28	0.0	0.0	0.0	0.0001086506	4.016064e-05	500.0	0.0	0.00014899864415884753	1.0	1.0	0.0	0.0	0.0	0.0
5614.052	3.291551649529097e-28	0.0	0.0	0.0	0.0001086506	4.016064e-05	500.0	0.0	0.00014956034618952244	1.0	1.0	0.0	0.0	0.0	0.0
5614.789	3.2973328446845666e-28	0.0	0.0	0.0	0.0001086506	4.016064e-05	500.0	0.0	0.00014982303006658235	1.0	1.0	0.0	0.0	0.0	0.0
5615.526	3.2995069442566233e-28	0.0	0.0	0.0	0.0001086506	4.016064e-05	500.0	0.0	0.0001499218160250812	1.0	1.0	0.0	0.0	0.0	0.0
5616.263	3.3003645634395504e-28	0.0	0.0	0.0	0.0001086506	4.016064e-05	500.0	0.0	0.00014996078421867335	1.0	1.0	0.0	0.0	0.0	0.0
5617.0	3.3014296625083647e-28	0.0	0.0	0.0	0.0001086506	4.016064e-05	500.0	0.0	0.00015000917980908762	1.0	1.0	0.0	0.0	0.0	0.0
