0.0 0044 7.07e+44 1500.0 6000 10000.0 4180.0
0.0 0071 8.51e+44 1500.0 6000 10000.0 3956.9
0.0 0076 1.14e+45 1500.0 6000 10000.0 3745.7
0.0 0070 1.33e+45 1500.0 6000 10000.0 3545.7
0.0 0034 1.37e+45 1500.0 6000 10000.0 3356.5
0.0 0096 1.40e+45 1500.0 6000 10000.0 3177.3
0.0 0089 1.65e+45 1500.0 6000 10000.0 3007.7
0.0 0079 1.67e+45 1500.0 6000 10000.0 2847.2
0.0 0025 1.80e+45 1500.0 6000 10000.0 2695.2
0.0 0005 1.96e+45 1500.0 6000 10000.0 2551.4
0.0 0042 2.00e+45 1500.0 6000 10000.0 2415.2
0.0 0063 2.07e+45 1500.0 6000 10000.0 2286.3
0.0 0099 2.15e+45 1500.0 6000 10000.0 2164.2
0.0 0057 2.20e+45 1500.0 6000 10000.0 2048.7
0.0 0087 2.27e+45 1500.0 6000 10000.0 1939.4
0.0 0016 2.27e+45 1500.0 6000 10000.0 1835.8
0.0 0066 2.28e+45 1500.0 6000 10000.0 1737.8
0.0 0008 2.29e+45 1500.0 6000 10000.0 1645.1
0.0 0084 2.31e+45 1500.0 6000 10000.0 1557.3
0.0 0029 2.38e+45 1500.0 6000 10000.0 1474.2
0.0 0090 2.39e+45 1500.0 6000 10000.0 1395.5
0.0 0060 2.39e+45 1500.0 6000 10000.0 1321.0
0.0 0088 2.44e+45 1500.0 6000 10000.0 1250.5
0.0 0021 2.46e+45 1500.0 6000 10000.0 1183.7
0.0 0072 2.47e+45 1500.0 6000 10000.0 1120.5
0.0 0009 2.55e+45 1500.0 6000 10000.0 1060.7
0.0 0010 2.71e+45 1500.0 6000 10000.0 1004.1
0.0 0050 2.79e+45 1500.0 6000 10000.0 950.5
0.0 0097 2.80e+45 1500.0 6000 10000.0 899.8
0.0 0067 2.83e+45 1500.0 6000 10000.0 851.8
0.0 0045 2.97e+45 1500.0 6000 10000.0 806.3
0.0 0083 3.01e+45 1500.0 6000 10000.0 763.3
0.0 0054 3.05e+45 1500.0 6000 10000.0 722.5
0.0 0091 3.15e+45 1500.0 6000 10000.0 683.9
0.0 0058 3.17e+45 1500.0 6000 10000.0 647.4
0.0 0014 3.37e+45 1500.0 6000 10000.0 612.9
0.0 0092 3.64e+45 1500.0 6000 10000.0 580.2
0.0 0052 3.93e+45 1500.0 6000 10000.0 549.2
0.0 0075 4.24e+45 1500.0 6000 10000.0 519.9
0.0 0053 4.58e+45 1500.0 6000 10000.0 492.1
0.0 0017 4.94e+45 1500.0 6000 10000.0 465.9
0.0 0007 5.34e+45 1500.0 6000 10000.0 441.0
0.0 0056 5.76e+45 1500.0 6000 10000.0 417.5
0.0 0035 6.22e+45 1500.0 6000 10000.0 395.2
0.0 0031 6.72e+45 1500.0 6000 10000.0 374.1
0.0 0033 7.26e+45 1500.0 6000 10000.0 354.1
0.0 0040 7.84e+45 1500.0 6000 10000.0 335.2
0.0 0064 8.46e+45 1500.0 6000 10000.0 317.3
0.0 0012 9.14e+45 1500.0 6000 10000.0 300.4
0.0 0061 9.87e+45 1500.0 6000 10000.0 284.4
0.0 0073 1.07e+46 1500.0 6000 10000.0 269.2
0.0 0082 1.15e+46 1500.0 6000 10000.0 254.8
0.0 0032 1.24e+46 1500.0 6000 10000.0 241.2
0.0 0013 1.34e+46 1500.0 6000 10000.0 228.3
0.0 0036 1.45e+46 1500.0 6000 10000.0 216.1
0.0 0047 1.56e+46 1500.0 6000 10000.0 204.6
0.0 0081 1.69e+46 1500.0 6000 10000.0 193.7
0.0 0018 1.82e+46 1500.0 6000 10000.0 183.3
0.0 0085 1.97e+46 1500.0 6000 10000.0 173.6
0.0 0093 2.13e+46 1500.0 6000 10000.0 164.3
0.0 0038 2.29e+46 1500.0 6000 10000.0 155.5
0.0 0026 2.48e+46 1500.0 6000 10000.0 147.2
0.0 0039 2.68e+46 1500.0 6000 10000.0 139.4
0.0 0002 2.89e+46 1500.0 6000 10000.0 131.9
0.0 0055 3.12e+46 1500.0 6000 10000.0 124.9
0.0 0041 3.37e+46 1500.0 6000 10000.0 118.2
0.0 0037 3.64e+46 1500.0 6000 10000.0 111.9
0.0 0095 3.93e+46 1500.0 6000 10000.0 105.9
0.0 0098 4.24e+46 1500.0 6000 10000.0 100.3
0.0 0048 4.58e+46 1500.0 6000 10000.0 94.9
0.0 0011 4.94e+46 1500.0 6000 10000.0 89.9
0.0 0077 5.34e+46 1500.0 6000 10000.0 85.1
0.0 0019 5.76e+46 1500.0 6000 10000.0 80.5
0.0 0074 6.22e+46 1500.0 6000 10000.0 76.2
0.0 0015 6.72e+46 1500.0 6000 10000.0 72.2
0.0 0043 7.26e+46 1500.0 6000 10000.0 68.3
0.0 0068 7.84e+46 1500.0 6000 10000.0 64.7
0.0 0024 8.46e+46 1500.0 6000 10000.0 61.2
0.0 0006 9.14e+46 1500.0 6000 10000.0 57.9
0.0 0080 9.87e+46 1500.0 6000 10000.0 54.8
0.0 0078 1.07e+47 1500.0 6000 10000.0 51.9
0.0 0086 1.15e+47 1500.0 6000 10000.0 49.2
0.0 0003 1.24e+47 1500.0 6000 10000.0 46.5
0.0 0001 1.34e+47 1500.0 6000 10000.0 44.0
0.0 0065 1.45e+47 1500.0 6000 10000.0 41.7
0.0 0049 1.56e+47 1500.0 6000 10000.0 39.5
0.0 0094 1.69e+47 1500.0 6000 10000.0 37.4
0.0 0059 1.82e+47 1500.0 6000 10000.0 35.4
0.0 0027 1.97e+47 1500.0 6000 10000.0 33.5
0.0 0023 2.13e+47 1500.0 6000 10000.0 31.7
0.0 0051 2.29e+47 1500.0 6000 10000.0 30.0
0.5 0044 7.07e+44 1500.0 6000 10000.0 4180.0
0.5 0071 8.51e+44 1500.0 6000 10000.0 3956.9
0.5 0076 1.14e+45 1500.0 6000 10000.0 3745.7
0.5 0070 1.33e+45 1500.0 6000 10000.0 3545.7
0.5 0034 1.37e+45 1500.0 6000 10000.0 3356.5
0.5 0096 1.40e+45 1500.0 6000 10000.0 3177.3
0.5 0089 1.65e+45 1500.0 6000 10000.0 3007.7
0.5 0079 1.67e+45 1500.0 6000 10000.0 2847.2
0.5 0025 1.80e+45 1500.0 6000 10000.0 2695.2
0.5 0005 1.96e+45 1500.0 6000 10000.0 2551.4
0.5 0042 2.00e+45 1500.0 6000 10000.0 2415.2
0.5 0063 2.07e+45 1500.0 6000 10000.0 2286.3
0.5 0099 2.15e+45 1500.0 6000 10000.0 2164.2
0.5 0057 2.20e+45 1500.0 6000 10000.0 2048.7
0.5 0087 2.27e+45 1500.0 6000 10000.0 1939.4
0.5 0016 2.27e+45 1500.0 6000 10000.0 1835.8
0.5 0066 2.28e+45 1500.0 6000 10000.0 1737.8
0.5 0008 2.29e+45 1500.0 6000 10000.0 1645.1
0.5 0084 2.31e+45 1500.0 6000 10000.0 1557.3
0.5 0029 2.38e+45 1500.0 6000 10000.0 1474.2
0.5 0090 2.39e+45 1500.0 6000 10000.0 1395.5
0.5 0060 2.39e+45 1500.0 6000 10000.0 1321.0
0.5 0088 2.44e+45 1500.0 6000 10000.0 1250.5
0.5 0021 2.46e+45 1500.0 6000 10000.0 1183.7
0.5 0072 2.47e+45 1500.0 6000 10000.0 1120.5
0.5 0009 2.55e+45 1500.0 6000 10000.0 1060.7
0.5 0010 2.71e+45 1500.0 6000 10000.0 1004.1
0.5 0050 2.79e+45 1500.0 6000 10000.0 950.5
0.5 0097 2.80e+45 1500.0 6000 10000.0 899.8
0.5 0067 2.83e+45 1500.0 6000 10000.0 851.8
0.5 0045 2.97e+45 1500.0 6000 10000.0 806.3
0.5 0083 3.01e+45 1500.0 6000 10000.0 763.3
0.5 0054 3.05e+45 1500.0 6000 10000.0 722.5
0.5 0091 3.15e+45 1500.0 6000 10000.0 683.9
0.5 0058 3.17e+45 1500.0 6000 10000.0 647.4
0.5 0014 3.37e+45 1500.0 6000 10000.0 612.9
0.5 0092 3.64e+45 1500.0 6000 10000.0 580.2
0.5 0052 3.93e+45 1500.0 6000 10000.0 549.2
0.5 0075 4.24e+45 1500.0 6000 10000.0 519.9
0.5 0053 4.58e+45 1500.0 6000 10000.0 492.1
0.5 0017 4.94e+45 1500.0 6000 10000.0 465.9
0.5 0007 5.34e+45 1500.0 6000 10000.0 441.0
0.5 0056 5.76e+45 1500.0 6000 10000.0 417.5
0.5 0035 6.22e+45 1500.0 6000 10000.0 395.2
0.5 0031 6.72e+45 1500.0 6000 10000.0 374.1
0.5 0033 7.26e+45 1500.0 6000 10000.0 354.1
0.5 0040 7.84e+45 1500.0 6000 10000.0 335.2
0.5 0064 8.46e+45 1500.0 6000 10000.0 317.3
0.5 0012 9.14e+45 1500.0 6000 10000.0 300.4
0.5 0061 9.87e+45 1500.0 6000 10000.0 284.4
0.5 0073 1.07e+46 1500.0 6000 10000.0 269.2
0.5 0082 1.15e+46 1500.0 6000 10000.0 254.8
0.5 0032 1.24e+46 1500.0 6000 10000.0 241.2
0.5 0013 1.34e+46 1500.0 6000 10000.0 228.3
0.5 0036 1.45e+46 1500.0 6000 10000.0 216.1
0.5 0047 1.56e+46 1500.0 6000 10000.0 204.6
0.5 0081 1.69e+46 1500.0 6000 10000.0 193.7
0.5 0018 1.82e+46 1500.0 6000 10000.0 183.3
0.5 0085 1.97e+46 1500.0 6000 10000.0 173.6
0.5 0093 2.13e+46 1500.0 6000 10000.0 164.3
0.5 0038 2.29e+46 1500.0 6000 10000.0 155.5
0.5 0026 2.48e+46 1500.0 6000 10000.0 147.2
0.5 0039 2.68e+46 1500.0 6000 10000.0 139.4
0.5 0002 2.89e+46 1500.0 6000 10000.0 131.9
0.5 0055 3.12e+46 1500.0 6000 10000.0 124.9
0.5 0041 3.37e+46 1500.0 6000 10000.0 118.2
0.5 0037 3.64e+46 1500.0 6000 10000.0 111.9
0.5 0095 3.93e+46 1500.0 6000 10000.0 105.9
0.5 0098 4.24e+46 1500.0 6000 10000.0 100.3
0.5 0048 4.58e+46 1500.0 6000 10000.0 94.9
0.5 0011 4.94e+46 1500.0 6000 10000.0 89.9
0.5 0077 5.34e+46 1500.0 6000 10000.0 85.1
0.5 0019 5.76e+46 1500.0 6000 10000.0 80.5
0.5 0074 6.22e+46 1500.0 6000 10000.0 76.2
0.5 0015 6.72e+46 1500.0 6000 10000.0 72.2
0.5 0043 7.26e+46 1500.0 6000 10000.0 68.3
0.5 0068 7.84e+46 1500.0 6000 10000.0 64.7
0.5 0024 8.46e+46 1500.0 6000 10000.0 61.2
0.5 0006 9.14e+46 1500.0 6000 10000.0 57.9
0.5 0080 9.87e+46 1500.0 6000 10000.0 54.8
0.5 0078 1.07e+47 1500.0 6000 10000.0 51.9
0.5 0086 1.15e+47 1500.0 6000 10000.0 49.2
0.5 0003 1.24e+47 1500.0 6000 10000.0 46.5
0.5 0001 1.34e+47 1500.0 6000 10000.0 44.0
0.5 0065 1.45e+47 1500.0 6000 10000.0 41.7
0.5 0049 1.56e+47 1500.0 6000 10000.0 39.5
0.5 0094 1.69e+47 1500.0 6000 10000.0 37.4
0.5 0059 1.82e+47 1500.0 6000 10000.0 35.4
0.5 0027 1.97e+47 1500.0 6000 10000.0 33.5
0.5 0023 2.13e+47 1500.0 6000 10000.0 31.7
0.5 0051 2.29e+47 1500.0 6000 10000.0 30.0
1.0 0044 7.07e+44 1500.0 6000 10000.0 4180.0
1.0 0071 8.51e+44 1500.0 6000 10000.0 3956.9
1.0 0076 1.14e+45 1500.0 6000 10000.0 3745.7
1.0 0070 1.33e+45 1500.0 6000 10000.0 3545.7
1.0 0034 1.37e+45 1500.0 6000 10000.0 3356.5
1.0 0096 1.40e+45 1500.0 6000 10000.0 3177.3
1.0 0089 1.65e+45 1500.0 6000 10000.0 3007.7
1.0 0079 1.67e+45 1500.0 6000 10000.0 2847.2
1.0 0025 1.80e+45 1500.0 6000 10000.0 2695.2
1.0 0005 1.96e+45 1500.0 6000 10000.0 2551.4
1.0 0042 2.00e+45 1500.0 6000 10000.0 2415.2
1.0 0063 2.07e+45 1500.0 6000 10000.0 2286.3
1.0 0099 2.15e+45 1500.0 6000 10000.0 2164.2
1.0 0057 2.20e+45 1500.0 6000 10000.0 2048.7
1.0 0087 2.27e+45 1500.0 6000 10000.0 1939.4
1.0 0016 2.27e+45 1500.0 6000 10000.0 1835.8
1.0 0066 2.28e+45 1500.0 6000 10000.0 1737.8
1.0 0008 2.29e+45 1500.0 6000 10000.0 1645.1
1.0 0084 2.31e+45 1500.0 6000 10000.0 1557.3
1.0 0029 2.38e+45 1500.0 6000 10000.0 1474.2
1.0 0090 2.39e+45 1500.0 6000 10000.0 1395.5
1.0 0060 2.39e+45 1500.0 6000 10000.0 1321.0
1.0 0088 2.44e+45 1500.0 6000 10000.0 1250.5
1.0 0021 2.46e+45 1500.0 6000 10000.0 1183.7
1.0 0072 2.47e+45 1500.0 6000 10000.0 1120.5
1.0 0009 2.55e+45 1500.0 6000 10000.0 1060.7
1.0 0010 2.71e+45 1500.0 6000 10000.0 1004.1
1.0 0050 2.79e+45 1500.0 6000 10000.0 950.5
1.0 0097 2.80e+45 1500.0 6000 10000.0 899.8
1.0 0067 2.83e+45 1500.0 6000 10000.0 851.8
1.0 0045 2.97e+45 1500.0 6000 10000.0 806.3
1.0 0083 3.01e+45 1500.0 6000 10000.0 763.3
1.0 0054 3.05e+45 1500.0 6000 10000.0 722.5
1.0 0091 3.15e+45 1500.0 6000 10000.0 683.9
1.0 0058 3.17e+45 1500.0 6000 10000.0 647.4
1.0 0014 3.37e+45 1500.0 6000 10000.0 612.9
1.0 0092 3.64e+45 1500.0 6000 10000.0 580.2
1.0 0052 3.93e+45 1500.0 6000 10000.0 549.2
1.0 0075 4.24e+45 1500.0 6000 10000.0 519.9
1.0 0053 4.58e+45 1500.0 6000 10000.0 492.1
1.0 0017 4.94e+45 1500.0 6000 10000.0 465.9
1.0 0007 5.34e+45 1500.0 6000 10000.0 441.0
1.0 0056 5.76e+45 1500.0 6000 10000.0 417.5
1.0 0035 6.22e+45 1500.0 6000 10000.0 395.2
1.0 0031 6.72e+45 1500.0 6000 10000.0 374.1
1.0 0033 7.26e+45 1500.0 6000 10000.0 354.1
1.0 0040 7.84e+45 1500.0 6000 10000.0 335.2
1.0 0064 8.46e+45 1500.0 6000 10000.0 317.3
1.0 0012 9.14e+45 1500.0 6000 10000.0 300.4
1.0 0061 9.87e+45 1500.0 6000 10000.0 284.4
1.0 0073 1.07e+46 1500.0 6000 10000.0 269.2
1.0 0082 1.15e+46 1500.0 6000 10000.0 254.8
1.0 0032 1.24e+46 1500.0 6000 10000.0 241.2
1.0 0013 1.34e+46 1500.0 6000 10000.0 228.3
1.0 0036 1.45e+46 1500.0 6000 10000.0 216.1
1.0 0047 1.56e+46 1500.0 6000 10000.0 204.6
1.0 0081 1.69e+46 1500.0 6000 10000.0 193.7
1.0 0018 1.82e+46 1500.0 6000 10000.0 183.3
1.0 0085 1.97e+46 1500.0 6000 10000.0 173.6
1.0 0093 2.13e+46 1500.0 6000 10000.0 164.3
1.0 0038 2.29e+46 1500.0 6000 10000.0 155.5
1.0 0026 2.48e+46 1500.0 6000 10000.0 147.2
1.0 0039 2.68e+46 1500.0 6000 10000.0 139.4
1.0 0002 2.89e+46 1500.0 6000 10000.0 131.9
1.0 0055 3.12e+46 1500.0 6000 10000.0 124.9
1.0 0041 3.37e+46 1500.0 6000 10000.0 118.2
1.0 0037 3.64e+46 1500.0 6000 10000.0 111.9
1.0 0095 3.93e+46 1500.0 6000 10000.0 105.9
1.0 0098 4.24e+46 1500.0 6000 10000.0 100.3
1.0 0048 4.58e+46 1500.0 6000 10000.0 94.9
1.0 0011 4.94e+46 1500.0 6000 10000.0 89.9
1.0 0077 5.34e+46 1500.0 6000 10000.0 85.1
1.0 0019 5.76e+46 1500.0 6000 10000.0 80.5
1.0 0074 6.22e+46 1500.0 6000 10000.0 76.2
1.0 0015 6.72e+46 1500.0 6000 10000.0 72.2
1.0 0043 7.26e+46 1500.0 6000 10000.0 68.3
1.0 0068 7.84e+46 1500.0 6000 10000.0 64.7
1.0 0024 8.46e+46 1500.0 6000 10000.0 61.2
1.0 0006 9.14e+46 1500.0 6000 10000.0 57.9
1.0 0080 9.87e+46 1500.0 6000 10000.0 54.8
1.0 0078 1.07e+47 1500.0 6000 10000.0 51.9
1.0 0086 1.15e+47 1500.0 6000 10000.0 49.2
1.0 0003 1.24e+47 1500.0 6000 10000.0 46.5
1.0 0001 1.34e+47 1500.0 6000 10000.0 44.0
1.0 0065 1.45e+47 1500.0 6000 10000.0 41.7
1.0 0049 1.56e+47 1500.0 6000 10000.0 39.5
1.0 0094 1.69e+47 1500.0 6000 10000.0 37.4
1.0 0059 1.82e+47 1500.0 6000 10000.0 35.4
1.0 0027 1.97e+47 1500.0 6000 10000.0 33.5
1.0 0023 2.13e+47 1500.0 6000 10000.0 31.7
1.0 0051 2.29e+47 1500.0 6000 10000.0 30.0
1.5 0044 7.07e+44 1500.0 6000 10000.0 4180.0
1.5 0071 8.51e+44 1500.0 6000 10000.0 3956.9
1.5 0076 1.14e+45 1500.0 6000 10000.0 3745.7
1.5 0070 1.33e+45 1500.0 6000 10000.0 3545.7
1.5 0034 1.37e+45 1500.0 6000 10000.0 3356.5
1.5 0096 1.40e+45 1500.0 6000 10000.0 3177.3
1.5 0089 1.65e+45 1500.0 6000 10000.0 3007.7
1.5 0079 1.67e+45 1500.0 6000 10000.0 2847.2
1.5 0025 1.80e+45 1500.0 6000 10000.0 2695.2
1.5 0005 1.96e+45 1500.0 6000 10000.0 2551.4
1.5 0042 2.00e+45 1500.0 6000 10000.0 2415.2
1.5 0063 2.07e+45 1500.0 6000 10000.0 2286.3
1.5 0099 2.15e+45 1500.0 6000 10000.0 2164.2
1.5 0057 2.20e+45 1500.0 6000 10000.0 2048.7
1.5 0087 2.27e+45 1500.0 6000 10000.0 1939.4
1.5 0016 2.27e+45 1500.0 6000 10000.0 1835.8
1.5 0066 2.28e+45 1500.0 6000 10000.0 1737.8
1.5 0008 2.29e+45 1500.0 6000 10000.0 1645.1
1.5 0084 2.31e+45 1500.0 6000 10000.0 1557.3
1.5 0029 2.38e+45 1500.0 6000 10000.0 1474.2
1.5 0090 2.39e+45 1500.0 6000 10000.0 1395.5
1.5 0060 2.39e+45 1500.0 6000 10000.0 1321.0
1.5 0088 2.44e+45 1500.0 6000 10000.0 1250.5
1.5 0021 2.46e+45 1500.0 6000 10000.0 1183.7
1.5 0072 2.47e+45 1500.0 6000 10000.0 1120.5
1.5 0009 2.55e+45 1500.0 6000 10000.0 1060.7
1.5 0010 2.71e+45 1500.0 6000 10000.0 1004.1
1.5 0050 2.79e+45 1500.0 6000 10000.0 950.5
1.5 0097 2.80e+45 1500.0 6000 10000.0 899.8
1.5 0067 2.83e+45 1500.0 6000 10000.0 851.8
1.5 0045 2.97e+45 1500.0 6000 10000.0 806.3
1.5 0083 3.01e+45 1500.0 6000 10000.0 763.3
1.5 0054 3.05e+45 1500.0 6000 10000.0 722.5
1.5 0091 3.15e+45 1500.0 6000 10000.0 683.9
1.5 0058 3.17e+45 1500.0 6000 10000.0 647.4
1.5 0014 3.37e+45 1500.0 6000 10000.0 612.9
1.5 0092 3.64e+45 1500.0 6000 10000.0 580.2
1.5 0052 3.93e+45 1500.0 6000 10000.0 549.2
1.5 0075 4.24e+45 1500.0 6000 10000.0 519.9
1.5 0053 4.58e+45 1500.0 6000 10000.0 492.1
1.5 0017 4.94e+45 1500.0 6000 10000.0 465.9
1.5 0007 5.34e+45 1500.0 6000 10000.0 441.0
1.5 0056 5.76e+45 1500.0 6000 10000.0 417.5
1.5 0035 6.22e+45 1500.0 6000 10000.0 395.2
1.5 0031 6.72e+45 1500.0 6000 10000.0 374.1
1.5 0033 7.26e+45 1500.0 6000 10000.0 354.1
1.5 0040 7.84e+45 1500.0 6000 10000.0 335.2
1.5 0064 8.46e+45 1500.0 6000 10000.0 317.3
1.5 0012 9.14e+45 1500.0 6000 10000.0 300.4
1.5 0061 9.87e+45 1500.0 6000 10000.0 284.4
1.5 0073 1.07e+46 1500.0 6000 10000.0 269.2
1.5 0082 1.15e+46 1500.0 6000 10000.0 254.8
1.5 0032 1.24e+46 1500.0 6000 10000.0 241.2
1.5 0013 1.34e+46 1500.0 6000 10000.0 228.3
1.5 0036 1.45e+46 1500.0 6000 10000.0 216.1
1.5 0047 1.56e+46 1500.0 6000 10000.0 204.6
1.5 0081 1.69e+46 1500.0 6000 10000.0 193.7
1.5 0018 1.82e+46 1500.0 6000 10000.0 183.3
1.5 0085 1.97e+46 1500.0 6000 10000.0 173.6
1.5 0093 2.13e+46 1500.0 6000 10000.0 164.3
1.5 0038 2.29e+46 1500.0 6000 10000.0 155.5
1.5 0026 2.48e+46 1500.0 6000 10000.0 147.2
1.5 0039 2.68e+46 1500.0 6000 10000.0 139.4
1.5 0002 2.89e+46 1500.0 6000 10000.0 131.9
1.5 0055 3.12e+46 1500.0 6000 10000.0 124.9
1.5 0041 3.37e+46 1500.0 6000 10000.0 118.2
1.5 0037 3.64e+46 1500.0 6000 10000.0 111.9
1.5 0095 3.93e+46 1500.0 6000 10000.0 105.9
1.5 0098 4.24e+46 1500.0 6000 10000.0 100.3
1.5 0048 4.58e+46 1500.0 6000 10000.0 94.9
1.5 0011 4.94e+46 1500.0 6000 10000.0 89.9
1.5 0077 5.34e+46 1500.0 6000 10000.0 85.1
1.5 0019 5.76e+46 1500.0 6000 10000.0 80.5
1.5 0074 6.22e+46 1500.0 6000 10000.0 76.2
1.5 0015 6.72e+46 1500.0 6000 10000.0 72.2
1.5 0043 7.26e+46 1500.0 6000 10000.0 68.3
1.5 0068 7.84e+46 1500.0 6000 10000.0 64.7
1.5 0024 8.46e+46 1500.0 6000 10000.0 61.2
1.5 0006 9.14e+46 1500.0 6000 10000.0 57.9
1.5 0080 9.87e+46 1500.0 6000 10000.0 54.8
1.5 0078 1.07e+47 1500.0 6000 10000.0 51.9
1.5 0086 1.15e+47 1500.0 6000 10000.0 49.2
1.5 0003 1.24e+47 1500.0 6000 10000.0 46.5
1.5 0001 1.34e+47 1500.0 6000 10000.0 44.0
1.5 0065 1.45e+47 1500.0 6000 10000.0 41.7
1.5 0049 1.56e+47 1500.0 6000 10000.0 39.5
1.5 0094 1.69e+47 1500.0 6000 10000.0 37.4
1.5 0059 1.82e+47 1500.0 6000 10000.0 35.4
1.5 0027 1.97e+47 1500.0 6000 10000.0 33.5
1.5 0023 2.13e+47 1500.0 6000 10000.0 31.7
1.5 0051 2.29e+47 1500.0 6000 10000.0 30.0
2.0 0044 7.07e+44 1500.0 6000 10000.0 4180.0
2.0 0071 8.51e+44 1500.0 6000 10000.0 3956.9
2.0 0076 1.14e+45 1500.0 6000 10000.0 3745.7
2.0 0070 1.33e+45 1500.0 6000 10000.0 3545.7
2.0 0034 1.37e+45 1500.0 6000 10000.0 3356.5
2.0 0096 1.40e+45 1500.0 6000 10000.0 3177.3
2.0 0089 1.65e+45 1500.0 6000 10000.0 3007.7
2.0 0079 1.67e+45 1500.0 6000 10000.0 2847.2
2.0 0025 1.80e+45 1500.0 6000 10000.0 2695.2
2.0 0005 1.96e+45 1500.0 6000 10000.0 2551.4
2.0 0042 2.00e+45 1500.0 6000 10000.0 2415.2
2.0 0063 2.07e+45 1500.0 6000 10000.0 2286.3
2.0 0099 2.15e+45 1500.0 6000 10000.0 2164.2
2.0 0057 2.20e+45 1500.0 6000 10000.0 2048.7
2.0 0087 2.27e+45 1500.0 6000 10000.0 1939.4
2.0 0016 2.27e+45 1500.0 6000 10000.0 1835.8
2.0 0066 2.28e+45 1500.0 6000 10000.0 1737.8
2.0 0008 2.29e+45 1500.0 6000 10000.0 1645.1
2.0 0084 2.31e+45 1500.0 6000 10000.0 1557.3
2.0 0029 2.38e+45 1500.0 6000 10000.0 1474.2
2.0 0090 2.39e+45 1500.0 6000 10000.0 1395.5
2.0 0060 2.39e+45 1500.0 6000 10000.0 1321.0
2.0 0088 2.44e+45 1500.0 6000 10000.0 1250.5
2.0 0021 2.46e+45 1500.0 6000 10000.0 1183.7
2.0 0072 2.47e+45 1500.0 6000 10000.0 1120.5
2.0 0009 2.55e+45 1500.0 6000 10000.0 1060.7
2.0 0010 2.71e+45 1500.0 6000 10000.0 1004.1
2.0 0050 2.79e+45 1500.0 6000 10000.0 950.5
2.0 0097 2.80e+45 1500.0 6000 10000.0 899.8
2.0 0067 2.83e+45 1500.0 6000 10000.0 851.8
2.0 0045 2.97e+45 1500.0 6000 10000.0 806.3
2.0 0083 3.01e+45 1500.0 6000 10000.0 763.3
2.0 0054 3.05e+45 1500.0 6000 10000.0 722.5
2.0 0091 3.15e+45 1500.0 6000 10000.0 683.9
2.0 0058 3.17e+45 1500.0 6000 10000.0 647.4
2.0 0014 3.37e+45 1500.0 6000 10000.0 612.9
2.0 0092 3.64e+45 1500.0 6000 10000.0 580.2
2.0 0052 3.93e+45 1500.0 6000 10000.0 549.2
2.0 0075 4.24e+45 1500.0 6000 10000.0 519.9
2.0 0053 4.58e+45 1500.0 6000 10000.0 492.1
2.0 0017 4.94e+45 1500.0 6000 10000.0 465.9
2.0 0007 5.34e+45 1500.0 6000 10000.0 441.0
2.0 0056 5.76e+45 1500.0 6000 10000.0 417.5
2.0 0035 6.22e+45 1500.0 6000 10000.0 395.2
2.0 0031 6.72e+45 1500.0 6000 10000.0 374.1
2.0 0033 7.26e+45 1500.0 6000 10000.0 354.1
2.0 0040 7.84e+45 1500.0 6000 10000.0 335.2
2.0 0064 8.46e+45 1500.0 6000 10000.0 317.3
2.0 0012 9.14e+45 1500.0 6000 10000.0 300.4
2.0 0061 9.87e+45 1500.0 6000 10000.0 284.4
2.0 0073 1.07e+46 1500.0 6000 10000.0 269.2
2.0 0082 1.15e+46 1500.0 6000 10000.0 254.8
2.0 0032 1.24e+46 1500.0 6000 10000.0 241.2
2.0 0013 1.34e+46 1500.0 6000 10000.0 228.3
2.0 0036 1.45e+46 1500.0 6000 10000.0 216.1
2.0 0047 1.56e+46 1500.0 6000 10000.0 204.6
2.0 0081 1.69e+46 1500.0 6000 10000.0 193.7
2.0 0018 1.82e+46 1500.0 6000 10000.0 183.3
2.0 0085 1.97e+46 1500.0 6000 10000.0 173.6
2.0 0093 2.13e+46 1500.0 6000 10000.0 164.3
2.0 0038 2.29e+46 1500.0 6000 10000.0 155.5
2.0 0026 2.48e+46 1500.0 6000 10000.0 147.2
2.0 0039 2.68e+46 1500.0 6000 10000.0 139.4
2.0 0002 2.89e+46 1500.0 6000 10000.0 131.9
2.0 0055 3.12e+46 1500.0 6000 10000.0 124.9
2.0 0041 3.37e+46 1500.0 6000 10000.0 118.2
2.0 0037 3.64e+46 1500.0 6000 10000.0 111.9
2.0 0095 3.93e+46 1500.0 6000 10000.0 105.9
2.0 0098 4.24e+46 1500.0 6000 10000.0 100.3
2.0 0048 4.58e+46 1500.0 6000 10000.0 94.9
2.0 0011 4.94e+46 1500.0 6000 10000.0 89.9
2.0 0077 5.34e+46 1500.0 6000 10000.0 85.1
2.0 0019 5.76e+46 1500.0 6000 10000.0 80.5
2.0 0074 6.22e+46 1500.0 6000 10000.0 76.2
2.0 0015 6.72e+46 1500.0 6000 10000.0 72.2
2.0 0043 7.26e+46 1500.0 6000 10000.0 68.3
2.0 0068 7.84e+46 1500.0 6000 10000.0 64.7
2.0 0024 8.46e+46 1500.0 6000 10000.0 61.2
2.0 0006 9.14e+46 1500.0 6000 10000.0 57.9
2.0 0080 9.87e+46 1500.0 6000 10000.0 54.8
2.0 0078 1.07e+47 1500.0 6000 10000.0 51.9
2.0 0086 1.15e+47 1500.0 6000 10000.0 49.2
2.0 0003 1.24e+47 1500.0 6000 10000.0 46.5
2.0 0001 1.34e+47 1500.0 6000 10000.0 44.0
2.0 0065 1.45e+47 1500.0 6000 10000.0 41.7
2.0 0049 1.56e+47 1500.0 6000 10000.0 39.5
2.0 0094 1.69e+47 1500.0 6000 10000.0 37.4
2.0 0059 1.82e+47 1500.0 6000 10000.0 35.4
2.0 0027 1.97e+47 1500.0 6000 10000.0 33.5
2.0 0023 2.13e+47 1500.0 6000 10000.0 31.7
2.0 0051 2.29e+47 1500.0 6000 10000.0 30.0
2.5 0044 7.07e+44 1500.0 6000 10000.0 4180.0
2.5 0071 8.51e+44 1500.0 6000 10000.0 3956.9
2.5 0076 1.14e+45 1500.0 6000 10000.0 3745.7
2.5 0070 1.33e+45 1500.0 6000 10000.0 3545.7
2.5 0034 1.37e+45 1500.0 6000 10000.0 3356.5
2.5 0096 1.40e+45 1500.0 6000 10000.0 3177.3
2.5 0089 1.65e+45 1500.0 6000 10000.0 3007.7
2.5 0079 1.67e+45 1500.0 6000 10000.0 2847.2
2.5 0025 1.80e+45 1500.0 6000 10000.0 2695.2
2.5 0005 1.96e+45 1500.0 6000 10000.0 2551.4
2.5 0042 2.00e+45 1500.0 6000 10000.0 2415.2
2.5 0063 2.07e+45 1500.0 6000 10000.0 2286.3
2.5 0099 2.15e+45 1500.0 6000 10000.0 2164.2
2.5 0057 2.20e+45 1500.0 6000 10000.0 2048.7
2.5 0087 2.27e+45 1500.0 6000 10000.0 1939.4
2.5 0016 2.27e+45 1500.0 6000 10000.0 1835.8
2.5 0066 2.28e+45 1500.0 6000 10000.0 1737.8
2.5 0008 2.29e+45 1500.0 6000 10000.0 1645.1
2.5 0084 2.31e+45 1500.0 6000 10000.0 1557.3
2.5 0029 2.38e+45 1500.0 6000 10000.0 1474.2
2.5 0090 2.39e+45 1500.0 6000 10000.0 1395.5
2.5 0060 2.39e+45 1500.0 6000 10000.0 1321.0
2.5 0088 2.44e+45 1500.0 6000 10000.0 1250.5
2.5 0021 2.46e+45 1500.0 6000 10000.0 1183.7
2.5 0072 2.47e+45 1500.0 6000 10000.0 1120.5
2.5 0009 2.55e+45 1500.0 6000 10000.0 1060.7
2.5 0010 2.71e+45 1500.0 6000 10000.0 1004.1
2.5 0050 2.79e+45 1500.0 6000 10000.0 950.5
2.5 0097 2.80e+45 1500.0 6000 10000.0 899.8
2.5 0067 2.83e+45 1500.0 6000 10000.0 851.8
2.5 0045 2.97e+45 1500.0 6000 10000.0 806.3
2.5 0083 3.01e+45 1500.0 6000 10000.0 763.3
2.5 0054 3.05e+45 1500.0 6000 10000.0 722.5
2.5 0091 3.15e+45 1500.0 6000 10000.0 683.9
2.5 0058 3.17e+45 1500.0 6000 10000.0 647.4
2.5 0014 3.37e+45 1500.0 6000 10000.0 612.9
2.5 0092 3.64e+45 1500.0 6000 10000.0 580.2
2.5 0052 3.93e+45 1500.0 6000 10000.0 549.2
2.5 0075 4.24e+45 1500.0 6000 10000.0 519.9
2.5 0053 4.58e+45 1500.0 6000 10000.0 492.1
2.5 0017 4.94e+45 1500.0 6000 10000.0 465.9
2.5 0007 5.34e+45 1500.0 6000 10000.0 441.0
2.5 0056 5.76e+45 1500.0 6000 10000.0 417.5
2.5 0035 6.22e+45 1500.0 6000 10000.0 395.2
2.5 0031 6.72e+45 1500.0 6000 10000.0 374.1
2.5 0033 7.26e+45 1500.0 6000 10000.0 354.1
2.5 0040 7.84e+45 1500.0 6000 10000.0 335.2
2.5 0064 8.46e+45 1500.0 6000 10000.0 317.3
2.5 0012 9.14e+45 1500.0 6000 10000.0 300.4
2.5 0061 9.87e+45 1500.0 6000 10000.0 284.4
2.5 0073 1.07e+46 1500.0 6000 10000.0 269.2
2.5 0082 1.15e+46 1500.0 6000 10000.0 254.8
2.5 0032 1.24e+46 1500.0 6000 10000.0 241.2
2.5 0013 1.34e+46 1500.0 6000 10000.0 228.3
2.5 0036 1.45e+46 1500.0 6000 10000.0 216.1
2.5 0047 1.56e+46 1500.0 6000 10000.0 204.6
2.5 0081 1.69e+46 1500.0 6000 10000.0 193.7
2.5 0018 1.82e+46 1500.0 6000 10000.0 183.3
2.5 0085 1.97e+46 1500.0 6000 10000.0 173.6
2.5 0093 2.13e+46 1500.0 6000 10000.0 164.3
2.5 0038 2.29e+46 1500.0 6000 10000.0 155.5
2.5 0026 2.48e+46 1500.0 6000 10000.0 147.2
2.5 0039 2.68e+46 1500.0 6000 10000.0 139.4
2.5 0002 2.89e+46 1500.0 6000 10000.0 131.9
2.5 0055 3.12e+46 1500.0 6000 10000.0 124.9
2.5 0041 3.37e+46 1500.0 6000 10000.0 118.2
2.5 0037 3.64e+46 1500.0 6000 10000.0 111.9
2.5 0095 3.93e+46 1500.0 6000 10000.0 105.9
2.5 0098 4.24e+46 1500.0 6000 10000.0 100.3
2.5 0048 4.58e+46 1500.0 6000 10000.0 94.9
2.5 0011 4.94e+46 1500.0 6000 10000.0 89.9
2.5 0077 5.34e+46 1500.0 6000 10000.0 85.1
2.5 0019 5.76e+46 1500.0 6000 10000.0 80.5
2.5 0074 6.22e+46 1500.0 6000 10000.0 76.2
2.5 0015 6.72e+46 1500.0 6000 10000.0 72.2
2.5 0043 7.26e+46 1500.0 6000 10000.0 68.3
2.5 0068 7.84e+46 1500.0 6000 10000.0 64.7
2.5 0024 8.46e+46 1500.0 6000 10000.0 61.2
2.5 0006 9.14e+46 1500.0 6000 10000.0 57.9
2.5 0080 9.87e+46 1500.0 6000 10000.0 54.8
2.5 0078 1.07e+47 1500.0 6000 10000.0 51.9
2.5 0086 1.15e+47 1500.0 6000 10000.0 49.2
2.5 0003 1.24e+47 1500.0 6000 10000.0 46.5
2.5 0001 1.34e+47 1500.0 6000 10000.0 44.0
2.5 0065 1.45e+47 1500.0 6000 10000.0 41.7
2.5 0049 1.56e+47 1500.0 6000 10000.0 39.5
2.5 0094 1.69e+47 1500.0 6000 10000.0 37.4
2.5 0059 1.82e+47 1500.0 6000 10000.0 35.4
2.5 0027 1.97e+47 1500.0 6000 10000.0 33.5
2.5 0023 2.13e+47 1500.0 6000 10000.0 31.7
2.5 0051 2.29e+47 1500.0 6000 10000.0 30.0
3.0 0044 7.07e+44 1500.0 6000 10000.0 4180.0
3.0 0071 8.51e+44 1500.0 6000 10000.0 3956.9
3.0 0076 1.14e+45 1500.0 6000 10000.0 3745.7
3.0 0070 1.33e+45 1500.0 6000 10000.0 3545.7
3.0 0034 1.37e+45 1500.0 6000 10000.0 3356.5
3.0 0096 1.40e+45 1500.0 6000 10000.0 3177.3
3.0 0089 1.65e+45 1500.0 6000 10000.0 3007.7
3.0 0079 1.67e+45 1500.0 6000 10000.0 2847.2
3.0 0025 1.80e+45 1500.0 6000 10000.0 2695.2
3.0 0005 1.96e+45 1500.0 6000 10000.0 2551.4
3.0 0042 2.00e+45 1500.0 6000 10000.0 2415.2
3.0 0063 2.07e+45 1500.0 6000 10000.0 2286.3
3.0 0099 2.15e+45 1500.0 6000 10000.0 2164.2
3.0 0057 2.20e+45 1500.0 6000 10000.0 2048.7
3.0 0087 2.27e+45 1500.0 6000 10000.0 1939.4
3.0 0016 2.27e+45 1500.0 6000 10000.0 1835.8
3.0 0066 2.28e+45 1500.0 6000 10000.0 1737.8
3.0 0008 2.29e+45 1500.0 6000 10000.0 1645.1
3.0 0084 2.31e+45 1500.0 6000 10000.0 1557.3
3.0 0029 2.38e+45 1500.0 6000 10000.0 1474.2
3.0 0090 2.39e+45 1500.0 6000 10000.0 1395.5
3.0 0060 2.39e+45 1500.0 6000 10000.0 1321.0
3.0 0088 2.44e+45 1500.0 6000 10000.0 1250.5
3.0 0021 2.46e+45 1500.0 6000 10000.0 1183.7
3.0 0072 2.47e+45 1500.0 6000 10000.0 1120.5
3.0 0009 2.55e+45 1500.0 6000 10000.0 1060.7
3.0 0010 2.71e+45 1500.0 6000 10000.0 1004.1
3.0 0050 2.79e+45 1500.0 6000 10000.0 950.5
3.0 0097 2.80e+45 1500.0 6000 10000.0 899.8
3.0 0067 2.83e+45 1500.0 6000 10000.0 851.8
3.0 0045 2.97e+45 1500.0 6000 10000.0 806.3
3.0 0083 3.01e+45 1500.0 6000 10000.0 763.3
3.0 0054 3.05e+45 1500.0 6000 10000.0 722.5
3.0 0091 3.15e+45 1500.0 6000 10000.0 683.9
3.0 0058 3.17e+45 1500.0 6000 10000.0 647.4
3.0 0014 3.37e+45 1500.0 6000 10000.0 612.9
3.0 0092 3.64e+45 1500.0 6000 10000.0 580.2
3.0 0052 3.93e+45 1500.0 6000 10000.0 549.2
3.0 0075 4.24e+45 1500.0 6000 10000.0 519.9
3.0 0053 4.58e+45 1500.0 6000 10000.0 492.1
3.0 0017 4.94e+45 1500.0 6000 10000.0 465.9
3.0 0007 5.34e+45 1500.0 6000 10000.0 441.0
3.0 0056 5.76e+45 1500.0 6000 10000.0 417.5
3.0 0035 6.22e+45 1500.0 6000 10000.0 395.2
3.0 0031 6.72e+45 1500.0 6000 10000.0 374.1
3.0 0033 7.26e+45 1500.0 6000 10000.0 354.1
3.0 0040 7.84e+45 1500.0 6000 10000.0 335.2
3.0 0064 8.46e+45 1500.0 6000 10000.0 317.3
3.0 0012 9.14e+45 1500.0 6000 10000.0 300.4
3.0 0061 9.87e+45 1500.0 6000 10000.0 284.4
3.0 0073 1.07e+46 1500.0 6000 10000.0 269.2
3.0 0082 1.15e+46 1500.0 6000 10000.0 254.8
3.0 0032 1.24e+46 1500.0 6000 10000.0 241.2
3.0 0013 1.34e+46 1500.0 6000 10000.0 228.3
3.0 0036 1.45e+46 1500.0 6000 10000.0 216.1
3.0 0047 1.56e+46 1500.0 6000 10000.0 204.6
3.0 0081 1.69e+46 1500.0 6000 10000.0 193.7
3.0 0018 1.82e+46 1500.0 6000 10000.0 183.3
3.0 0085 1.97e+46 1500.0 6000 10000.0 173.6
3.0 0093 2.13e+46 1500.0 6000 10000.0 164.3
3.0 0038 2.29e+46 1500.0 6000 10000.0 155.5
3.0 0026 2.48e+46 1500.0 6000 10000.0 147.2
3.0 0039 2.68e+46 1500.0 6000 10000.0 139.4
3.0 0002 2.89e+46 1500.0 6000 10000.0 131.9
3.0 0055 3.12e+46 1500.0 6000 10000.0 124.9
3.0 0041 3.37e+46 1500.0 6000 10000.0 118.2
3.0 0037 3.64e+46 1500.0 6000 10000.0 111.9
3.0 0095 3.93e+46 1500.0 6000 10000.0 105.9
3.0 0098 4.24e+46 1500.0 6000 10000.0 100.3
3.0 0048 4.58e+46 1500.0 6000 10000.0 94.9
3.0 0011 4.94e+46 1500.0 6000 10000.0 89.9
3.0 0077 5.34e+46 1500.0 6000 10000.0 85.1
3.0 0019 5.76e+46 1500.0 6000 10000.0 80.5
3.0 0074 6.22e+46 1500.0 6000 10000.0 76.2
3.0 0015 6.72e+46 1500.0 6000 10000.0 72.2
3.0 0043 7.26e+46 1500.0 6000 10000.0 68.3
3.0 0068 7.84e+46 1500.0 6000 10000.0 64.7
3.0 0024 8.46e+46 1500.0 6000 10000.0 61.2
3.0 0006 9.14e+46 1500.0 6000 10000.0 57.9
3.0 0080 9.87e+46 1500.0 6000 10000.0 54.8
3.0 0078 1.07e+47 1500.0 6000 10000.0 51.9
3.0 0086 1.15e+47 1500.0 6000 10000.0 49.2
3.0 0003 1.24e+47 1500.0 6000 10000.0 46.5
3.0 0001 1.34e+47 1500.0 6000 10000.0 44.0
3.0 0065 1.45e+47 1500.0 6000 10000.0 41.7
3.0 0049 1.56e+47 1500.0 6000 10000.0 39.5
3.0 0094 1.69e+47 1500.0 6000 10000.0 37.4
3.0 0059 1.82e+47 1500.0 6000 10000.0 35.4
3.0 0027 1.97e+47 1500.0 6000 10000.0 33.5
3.0 0023 2.13e+47 1500.0 6000 10000.0 31.7
3.0 0051 2.29e+47 1500.0 6000 10000.0 30.0
