0.0 3.13e+46 340.9 681 1.0e+04 544.3 40.0
0.0 1.91e+47 945.6 1891 1.0e+04 125.9 20.0
0.0 3.82e+47 1355.2 2710 1.0e+04 50.3 20.0
0.5 2.89e+46 340.9 681 1.0e+04 544.3 40.0
0.5 1.77e+47 945.6 1891 1.0e+04 125.9 20.0
0.5 3.53e+47 1355.2 2710 1.0e+04 50.3 20.0
1.0 2.67e+46 340.9 681 1.0e+04 544.3 40.0
1.0 1.63e+47 945.6 1891 1.0e+04 125.9 20.0
1.0 3.26e+47 1355.2 2710 1.0e+04 50.3 20.0
1.5 2.48e+46 340.9 681 1.0e+04 544.3 40.0
1.5 1.51e+47 945.6 1891 1.0e+04 125.9 20.0
1.5 3.03e+47 1355.2 2710 1.0e+04 50.3 20.0
2.0 2.31e+46 340.9 681 1.0e+04 544.3 40.0
2.0 1.41e+47 945.6 1891 1.0e+04 125.9 20.0
2.0 2.82e+47 1355.2 2710 1.0e+04 50.3 20.0
2.5 2.17e+46 340.9 681 1.0e+04 544.3 40.0
2.5 1.33e+47 945.6 1891 1.0e+04 125.9 20.0
2.5 2.66e+47 1355.2 2710 1.0e+04 50.3 20.0
3.0 2.06e+46 340.9 681 1.0e+04 544.3 40.0
3.0 1.26e+47 945.6 1891 1.0e+04 125.9 20.0
3.0 2.52e+47 1355.2 2710 1.0e+04 50.3 20.0
