step_number	time	timestep	I_lya	inc_photon_flux	nH_boundary	H1_IF_x	H1_IF_v	HI_IF_v_flxMthd	He1_IF_x	He1_IF_v	He3_IF_x	He3_IF_v	width_IF
0 	0.000000e+00 	4.016064e-05 	0.000000e+00 	0.000000e+00 	0.000000e+00 	0.000000e+00 	0.000000e+00 	nan 	0.000000e+00 	0.000000e+00 	0.000000e+00 	0.000000e+00 	0.000000e+00 	
1 	4.016064e-05 	4.016064e-01 	1.568384e-12 	4.136866e+04 	1.425827e-04 	3.068190e+25 	6.016081e+07 	2.662603e+08 	3.068183e+25 	5.486381e+07 	0.000000e+00 	0.000000e+00 	8.402255e+21 	
2 	4.016466e-01 	4.016468e-02 	5.443785e-12 	4.195108e+04 	1.425739e-04 	3.068206e+25 	1.270727e+07 	2.699917e+08 	3.068196e+25 	9.870714e+06 	0.000000e+00 	0.000000e+00 	9.023557e+21 	
573 	8.039199e-01 	9.125293e-04 	2.196292e-10 	4.218885e+04 	1.436685e-04 	3.068859e+25 	5.155938e+08 	2.694580e+08 	3.068958e+25 	6.016909e+08 	0.000000e+00 	0.000000e+00 	8.933812e+21 	
1113 	1.205230e+00 	9.299267e-04 	5.347941e-10 	4.229822e+04 	1.310524e-04 	3.069541e+25 	5.385272e+08 	2.959005e+08 	3.069883e+25 	7.306056e+08 	0.000000e+00 	0.000000e+00 	1.048187e+22 	
1587 	1.607075e+00 	1.184114e-03 	1.010164e-09 	4.234018e+04 	1.156167e-04 	3.070248e+25 	5.583274e+08 	3.352926e+08 	3.070852e+25 	7.650848e+08 	0.000000e+00 	0.000000e+00 	1.256116e+22 	
2062 	2.008599e+00 	1.209935e-03 	1.089345e-09 	4.240385e+04 	1.102833e-04 	3.071147e+25 	7.091815e+08 	3.518396e+08 	3.071847e+25 	7.855708e+08 	0.000000e+00 	0.000000e+00 	1.327031e+22 	
2545 	2.409743e+00 	1.154267e-03 	1.186978e-09 	4.250098e+04 	9.875068e-05 	3.072062e+25 	7.225866e+08 	3.932786e+08 	3.072968e+25 	8.844620e+08 	0.000000e+00 	0.000000e+00 	1.538611e+22 	
2996 	2.811846e+00 	1.273953e-03 	1.070427e-09 	4.268547e+04 	8.497039e-05 	3.073187e+25 	8.885342e+08 	4.580388e+08 	3.074200e+25 	9.728975e+08 	0.000000e+00 	0.000000e+00 	1.611584e+22 	
3461 	3.213787e+00 	1.038705e-03 	8.323738e-10 	3.487125e+04 	8.392470e-05 	3.074519e+25 	1.051110e+09 	3.798535e+08 	3.075398e+25 	9.455570e+08 	0.000000e+00 	0.000000e+00 	1.430085e+22 	
3899 	3.614637e+00 	1.222467e-03 	9.439739e-10 	4.263542e+04 	8.610759e-05 	3.075653e+25 	8.952078e+08 	4.515587e+08 	3.076588e+25 	9.397972e+08 	0.000000e+00 	0.000000e+00 	1.480384e+22 	
4327 	4.016684e+00 	9.657466e-04 	1.066399e-09 	4.260999e+04 	8.431910e-05 	3.076793e+25 	8.999489e+08 	4.607188e+08 	3.077737e+25 	9.070730e+08 	0.000000e+00 	0.000000e+00 	1.454947e+22 	
4746 	4.417759e+00 	4.585763e-04 	1.163865e-09 	4.246862e+04 	9.450299e-05 	3.077918e+25 	8.884446e+08 	4.104050e+08 	3.078791e+25 	8.318940e+08 	0.000000e+00 	0.000000e+00 	1.378902e+22 	
5173 	4.819315e+00 	6.752047e-04 	1.507610e-09 	4.235786e+04 	9.488176e-05 	3.078850e+25 	7.359074e+08 	4.077374e+08 	3.079890e+25 	8.675077e+08 	0.000000e+00 	0.000000e+00 	1.572945e+22 	
5603 	5.221446e+00 	1.215245e-03 	1.362317e-09 	4.242641e+04 	8.858598e-05 	3.079976e+25 	8.886517e+08 	4.369892e+08 	3.081031e+25 	9.011183e+08 	0.000000e+00 	0.000000e+00 	1.590550e+22 	
6027 	5.623796e+00 	1.362741e-03 	1.344174e-09 	4.242153e+04 	8.640160e-05 	3.081107e+25 	8.929267e+08 	4.478212e+08 	3.082230e+25 	9.466499e+08 	0.000000e+00 	0.000000e+00 	1.671455e+22 	
6470 	6.024243e+00 	3.680045e-04 	9.692727e-10 	4.253309e+04 	8.124851e-05 	3.082436e+25 	1.049412e+09 	4.770043e+08 	3.083442e+25 	9.571077e+08 	0.000000e+00 	0.000000e+00 	1.517250e+22 	
6900 	6.426070e+00 	8.238611e-04 	1.164730e-09 	4.243502e+04 	8.272268e-05 	3.083581e+25 	9.040035e+08 	4.675729e+08 	3.084631e+25 	9.385270e+08 	0.000000e+00 	0.000000e+00 	1.561194e+22 	
7317 	6.827512e+00 	6.375177e-04 	1.307935e-09 	4.234304e+04 	8.596338e-05 	3.084721e+25 	8.997090e+08 	4.492495e+08 	3.085773e+25 	9.016841e+08 	0.000000e+00 	0.000000e+00 	1.564963e+22 	
7719 	7.229063e+00 	1.382075e-03 	1.367184e-09 	4.227716e+04 	8.790314e-05 	3.085852e+25 	8.932074e+08 	4.388075e+08 	3.086887e+25 	8.788945e+08 	0.000000e+00 	0.000000e+00 	1.531786e+22 	
8133 	7.631097e+00 	9.912968e-04 	1.382716e-09 	4.219711e+04 	9.243822e-05 	3.086979e+25 	8.893376e+08 	4.167996e+08 	3.087933e+25 	8.263507e+08 	0.000000e+00 	0.000000e+00 	1.443827e+22 	
8518 	8.032278e+00 	6.447213e-04 	1.213009e-09 	4.213848e+04 	9.832837e-05 	3.088090e+25 	8.771010e+08 	3.916209e+08 	3.088917e+25 	7.766801e+08 	0.000000e+00 	0.000000e+00 	1.277504e+22 	
8888 	8.434927e+00 	1.305902e-03 	1.562386e-09 	4.197486e+04 	1.060790e-04 	3.089008e+25 	7.252226e+08 	3.619600e+08 	3.089786e+25 	6.863385e+08 	0.000000e+00 	0.000000e+00 	1.206274e+22 	
9219 	8.836696e+00 	1.505768e-03 	1.642120e-09 	4.173458e+04 	1.288025e-04 	3.089899e+25 	7.029784e+08 	2.970459e+08 	3.090498e+25 	5.619968e+08 	0.000000e+00 	0.000000e+00 	9.904050e+21 	
9567 	9.238034e+00 	1.339473e-03 	2.019993e-09 	4.145514e+04 	1.553187e-04 	3.090577e+25 	5.358501e+08 	2.451125e+08 	3.091090e+25 	4.672749e+08 	0.000000e+00 	0.000000e+00 	8.718172e+21 	
9879 	9.638688e+00 	1.414411e-03 	3.211648e-09 	4.108346e+04 	1.789783e-04 	3.091065e+25 	3.848523e+08 	2.110449e+08 	3.091585e+25 	3.906022e+08 	0.000000e+00 	0.000000e+00 	8.897193e+21 	
10163 	1.004060e+01 	1.635249e-03 	2.039417e-09 	4.106302e+04 	2.211874e-04 	3.091687e+25 	4.908825e+08 	1.709164e+08 	3.092015e+25 	3.392604e+08 	0.000000e+00 	0.000000e+00 	6.405107e+21 	
10466 	1.044325e+01 	1.732782e-03 	1.811351e-09 	4.096585e+04 	2.528896e-04 	3.092127e+25 	3.479998e+08 	1.492450e+08 	3.092396e+25 	3.013495e+08 	0.000000e+00 	0.000000e+00 	5.828393e+21 	
10761 	1.084398e+01 	1.492387e-03 	3.918788e-09 	4.052077e+04 	2.676856e-04 	3.092397e+25 	2.127640e+08 	1.395093e+08 	3.092767e+25 	2.925351e+08 	0.000000e+00 	0.000000e+00 	7.216072e+21 	
11033 	1.124615e+01 	1.667591e-03 	2.767086e-09 	4.072650e+04 	2.745776e-04 	3.092820e+25 	3.336970e+08 	1.367110e+08 	3.093135e+25 	2.902602e+08 	0.000000e+00 	0.000000e+00 	6.391739e+21 	
11331 	1.164822e+01 	1.825075e-03 	4.496164e-09 	4.035968e+04 	2.684363e-04 	3.093094e+25 	2.164337e+08 	1.385705e+08 	3.093521e+25 	3.050659e+08 	0.000000e+00 	0.000000e+00 	8.047378e+21 	
11633 	1.204885e+01 	1.699582e-03 	3.467756e-09 	4.068418e+04 	2.466549e-04 	3.093524e+25 	3.392661e+08 	1.519516e+08 	3.093953e+25 	3.407293e+08 	0.000000e+00 	0.000000e+00 	7.992140e+21 	
11957 	1.245052e+01 	9.042205e-04 	2.904450e-09 	4.087109e+04 	2.211411e-04 	3.093971e+25 	3.533989e+08 	1.701575e+08 	3.094422e+25 	3.704562e+08 	0.000000e+00 	0.000000e+00 	8.222188e+21 	
12272 	1.285146e+01 	1.459967e-03 	2.905130e-09 	4.093347e+04 	2.022755e-04 	3.094430e+25 	3.623330e+08 	1.862111e+08 	3.094922e+25 	3.949163e+08 	0.000000e+00 	0.000000e+00 	8.606606e+21 	
12584 	1.325452e+01 	1.586044e-03 	3.244165e-09 	4.090212e+04 	1.933968e-04 	3.094899e+25 	3.705046e+08 	1.945563e+08 	3.095435e+25 	4.047256e+08 	0.000000e+00 	0.000000e+00 	9.161473e+21 	
12893 	1.365464e+01 	1.496714e-03 	1.845718e-09 	4.113734e+04 	1.953108e-04 	3.095533e+25 	4.998724e+08 	1.937627e+08 	3.095930e+25 	3.906349e+08 	0.000000e+00 	0.000000e+00 	7.428414e+21 	
13204 	1.405652e+01 	1.519480e-03 	2.323567e-09 	4.099736e+04 	2.030517e-04 	3.095994e+25 	3.643314e+08 	1.857914e+08 	3.096411e+25 	3.798748e+08 	0.000000e+00 	0.000000e+00 	7.730723e+21 	
13513 	1.445898e+01 	1.574332e-03 	2.634017e-09 	4.091244e+04 	2.099184e-04 	3.096452e+25 	3.617830e+08 	1.793803e+08 	3.096879e+25 	3.699120e+08 	0.000000e+00 	0.000000e+00 	7.873735e+21 	
13820 	1.485983e+01 	1.615067e-03 	2.781166e-09 	4.083829e+04 	2.132005e-04 	3.096909e+25 	3.604796e+08 	1.763169e+08 	3.097342e+25 	3.653120e+08 	0.000000e+00 	0.000000e+00 	7.974183e+21 	
14127 	1.526200e+01 	1.640578e-03 	2.890321e-09 	4.082332e+04 	2.133683e-04 	3.097364e+25 	3.591138e+08 	1.761148e+08 	3.097805e+25 	3.651222e+08 	0.000000e+00 	0.000000e+00 	8.021367e+21 	
14432 	1.566353e+01 	1.619105e-03 	2.995812e-09 	4.076612e+04 	2.143598e-04 	3.097820e+25 	3.600258e+08 	1.750608e+08 	3.098254e+25 	3.551623e+08 	0.000000e+00 	0.000000e+00 	7.922192e+21 	
14730 	1.606447e+01 	1.489537e-03 	3.123333e-09 	4.068766e+04 	2.242374e-04 	3.098270e+25 	3.550193e+08 	1.670721e+08 	3.098666e+25 	3.251575e+08 	0.000000e+00 	0.000000e+00 	7.409891e+21 	
15002 	1.646656e+01 	1.677092e-03 	2.953146e-09 	4.058608e+04 	2.545807e-04 	3.098709e+25 	3.465414e+08 	1.468908e+08 	3.099029e+25 	2.862712e+08 	0.000000e+00 	0.000000e+00 	6.300859e+21 	
15255 	1.686747e+01 	2.195936e-03 	4.952537e-09 	4.007315e+04 	2.818981e-04 	3.098981e+25 	2.147645e+08 	1.310494e+08 	3.099338e+25 	2.440346e+08 	0.000000e+00 	0.000000e+00 	6.974134e+21 	
15256 	1.686967e+01 	2.205884e-03 	1.823946e-09 	2.452390e+04 	3.014008e-04 	3.099132e+25 	1.195653e+08 	7.515041e+07 	3.099339e+25 	1.128942e+06 	0.000000e+00 	0.000000e+00 	4.894777e+21 	
15504 	1.726946e+01 	2.149553e-03 	3.472832e-09 	4.022897e+04 	3.382563e-04 	3.099378e+25 	1.941994e+08 	1.097178e+08 	3.099613e+25 	2.156473e+08 	0.000000e+00 	0.000000e+00 	5.382727e+21 	
15743 	1.767226e+01 	2.403518e-03 	4.755661e-09 	3.991333e+04 	3.855634e-04 	3.099615e+25 	1.870225e+08 	9.554591e+07 	3.099845e+25 	1.835466e+08 	0.000000e+00 	0.000000e+00 	5.367706e+21 	
15971 	1.807439e+01 	2.316329e-03 	5.460800e-09 	3.967570e+04 	4.478472e-04 	3.099840e+25 	1.776694e+08 	8.180584e+07 	3.100048e+25 	1.601553e+08 	0.000000e+00 	0.000000e+00 	5.088427e+21 	
16177 	1.847418e+01 	1.942801e-03 	5.310249e-09 	3.965498e+04 	5.158418e-04 	3.100054e+25 	1.687285e+08 	7.101132e+07 	3.100230e+25 	1.435853e+08 	0.000000e+00 	0.000000e+00 	4.449350e+21 	
16353 	1.887655e+01 	1.370117e-03 	3.663744e-09 	3.979666e+04 	5.803484e-04 	3.100263e+25 	1.650751e+08 	6.336001e+07 	3.100393e+25 	1.286247e+08 	0.000000e+00 	0.000000e+00 	3.920728e+21 	
16538 	1.927888e+01 	3.422679e-03 	8.376708e-09 	3.872581e+04 	6.009331e-04 	3.100331e+25 	5.382443e+07 	5.955073e+07 	3.100538e+25 	1.146360e+08 	0.000000e+00 	0.000000e+00 	5.319777e+21 	
16735 	1.967901e+01 	2.324691e-03 	7.590773e-09 	3.918436e+04 	6.432958e-04 	3.100518e+25 	1.479227e+08 	5.629400e+07 	3.100700e+25 	1.276325e+08 	0.000000e+00 	0.000000e+00 	4.615536e+21 	
16898 	2.008138e+01 	1.464163e-03 	4.581146e-09 	3.962819e+04 	6.663560e-04 	3.100716e+25 	1.558259e+08 	5.496387e+07 	3.100848e+25 	1.170851e+08 	0.000000e+00 	0.000000e+00 	3.972799e+21 	
17076 	2.048443e+01 	3.466623e-03 	9.009032e-09 	3.857069e+04 	6.717473e-04 	3.100779e+25 	4.992060e+07 	5.307113e+07 	3.100986e+25 	1.091080e+08 	0.000000e+00 	0.000000e+00 	5.297378e+21 	
17275 	2.088369e+01 	2.329603e-03 	7.439658e-09 	3.920725e+04 	6.637327e-04 	3.100967e+25 	1.487981e+08 	5.459562e+07 	3.101150e+25 	1.292276e+08 	0.000000e+00 	0.000000e+00 	4.646376e+21 	
17447 	2.128570e+01 	1.581053e-03 	4.133099e-09 	3.971526e+04 	6.425620e-04 	3.101167e+25 	1.573095e+08 	5.712029e+07 	3.101303e+25 	1.209660e+08 	0.000000e+00 	0.000000e+00 	3.980535e+21 	
17620 	2.168942e+01 	3.680798e-03 	8.827528e-09 	3.863839e+04 	6.343002e-04 	3.101233e+25 	5.220859e+07 	5.629686e+07 	3.101454e+25 	1.190751e+08 	0.000000e+00 	0.000000e+00 	5.467833e+21 	
17829 	2.208850e+01 	2.581249e-03 	7.438191e-09 	3.917944e+04 	6.111474e-04 	3.101427e+25 	1.529984e+08 	5.924198e+07 	3.101628e+25 	1.374922e+08 	0.000000e+00 	0.000000e+00 	5.006774e+21 	
18021 	2.249020e+01 	1.878854e-03 	5.307904e-09 	3.958710e+04 	5.961440e-04 	3.101630e+25 	1.605651e+08 	6.136052e+07 	3.101797e+25 	1.330609e+08 	0.000000e+00 	0.000000e+00 	4.214040e+21 	
18182 	2.289206e+01 	7.350654e-04 	2.437361e-09 	3.991201e+04 	5.918587e-04 	3.101838e+25 	1.644322e+08 	6.231006e+07 	3.101951e+25 	1.221442e+08 	0.000000e+00 	0.000000e+00 	3.741407e+21 	
18386 	2.329444e+01 	3.220761e-03 	8.078442e-09 	3.889280e+04 	5.917667e-04 	3.101901e+25 	4.951650e+07 	6.073153e+07 	3.102117e+25 	1.307899e+08 	0.000000e+00 	0.000000e+00 	5.332295e+21 	
18590 	2.369650e+01 	2.318696e-03 	6.905123e-09 	3.930689e+04 	5.972939e-04 	3.102098e+25 	1.556869e+08 	6.081001e+07 	3.102288e+25 	1.354214e+08 	0.000000e+00 	0.000000e+00 	4.742871e+21 	
18771 	2.409729e+01 	1.684537e-03 	4.586244e-09 	3.964366e+04 	6.053527e-04 	3.102302e+25 	1.605939e+08 	6.051514e+07 	3.102450e+25 	1.277949e+08 	0.000000e+00 	0.000000e+00 	4.082441e+21 	
18934 	2.450052e+01 	3.945034e-03 	8.788887e-09 	3.851928e+04 	6.083854e-04 	3.102374e+25 	5.686900e+07 	5.850960e+07 	3.102596e+25 	1.150169e+08 	0.000000e+00 	0.000000e+00 	5.532259e+21 	
19147 	2.490156e+01 	2.751654e-03 	7.762062e-09 	3.902861e+04 	6.131303e-04 	3.102565e+25 	1.509319e+08 	5.882387e+07 	3.102767e+25 	1.351254e+08 	0.000000e+00 	0.000000e+00 	5.060869e+21 	
19340 	2.530281e+01 	1.967435e-03 	5.898102e-09 	3.947125e+04 	6.124088e-04 	3.102763e+25 	1.566948e+08 	5.955964e+07 	3.102933e+25 	1.312336e+08 	0.000000e+00 	0.000000e+00 	4.285711e+21 	
19505 	2.570311e+01 	1.091504e-03 	2.804040e-09 	3.982127e+04 	6.078766e-04 	3.102969e+25 	1.624034e+08 	6.053384e+07 	3.103087e+25 	1.209171e+08 	0.000000e+00 	0.000000e+00 	3.820928e+21 	
19701 	2.610664e+01 	3.283284e-03 	8.282214e-09 	3.878936e+04 	6.061652e-04 	3.103032e+25 	4.968524e+07 	5.913443e+07 	3.103249e+25 	1.286256e+08 	0.000000e+00 	0.000000e+00 	5.366879e+21 	
19907 	2.650760e+01 	2.375999e-03 	6.897171e-09 	3.925191e+04 	6.004589e-04 	3.103230e+25 	1.560419e+08 	6.040569e+07 	3.103422e+25 	1.361808e+08 	0.000000e+00 	0.000000e+00 	4.815455e+21 	
20092 	2.690841e+01 	1.725952e-03 	4.590971e-09 	3.963973e+04 	5.952434e-04 	3.103432e+25 	1.601510e+08 	6.153469e+07 	3.103587e+25 	1.299462e+08 	0.000000e+00 	0.000000e+00 	4.099598e+21 	
20250 	2.731043e+01 	4.015234e-03 	1.860560e-09 	3.990261e+04 	5.923703e-04 	3.103642e+25 	1.651787e+08 	6.224174e+07 	3.103740e+25 	1.207536e+08 	0.000000e+00 	0.000000e+00 	3.591518e+21 	
20467 	2.771156e+01 	2.953520e-03 	7.830192e-09 	3.895039e+04 	5.918906e-04 	3.103700e+25 	4.621376e+07 	6.080858e+07 	3.103913e+25 	1.368955e+08 	0.000000e+00 	0.000000e+00 	5.249874e+21 	
20668 	2.811387e+01 	2.166301e-03 	6.357463e-09 	3.935136e+04 	5.925998e-04 	3.103901e+25 	1.585593e+08 	6.135991e+07 	3.104085e+25 	1.361811e+08 	0.000000e+00 	0.000000e+00 	4.617648e+21 	
20849 	2.851474e+01 	1.592530e-03 	3.753584e-09 	3.969705e+04 	5.924375e-04 	3.104107e+25 	1.628347e+08 	6.191475e+07 	3.104247e+25 	1.279271e+08 	0.000000e+00 	0.000000e+00 	4.000470e+21 	
21019 	2.891710e+01 	3.808962e-03 	8.518243e-09 	3.860243e+04 	5.922186e-04 	3.104177e+25 	5.483889e+07 	6.023313e+07 	3.104403e+25 	1.228717e+08 	0.000000e+00 	0.000000e+00 	5.556614e+21 	
21234 	2.931976e+01 	2.770069e-03 	7.515084e-09 	3.906079e+04 	5.874280e-04 	3.104372e+25 	1.542963e+08 	6.144289e+07 	3.104583e+25 	1.418717e+08 	0.000000e+00 	0.000000e+00 	5.171471e+21 	
21436 	2.972023e+01 	2.098788e-03 	5.878561e-09 	3.942165e+04 	5.789021e-04 	3.104576e+25 	1.606811e+08 	6.292068e+07 	3.104759e+25 	1.394386e+08 	0.000000e+00 	0.000000e+00 	4.609944e+21 	
21627 	3.012113e+01 	1.611992e-03 	3.509822e-09 	3.973633e+04 	5.672665e-04 	3.104785e+25 	1.653806e+08 	6.471997e+07 	3.104930e+25 	1.347251e+08 	0.000000e+00 	0.000000e+00 	4.047152e+21 	
21811 	3.052285e+01 	1.319015e-03 	8.332146e-09 	3.868337e+04 	5.629846e-04 	3.104857e+25 	5.677584e+07 	6.348678e+07 	3.105097e+25 	1.321478e+08 	0.000000e+00 	0.000000e+00 	5.712007e+21 	
22016 	3.092673e+01 	3.133000e-03 	7.492517e-09 	3.900896e+04 	5.486209e-04 	3.105059e+25 	1.596595e+08 	6.569246e+07 	3.105290e+25 	1.517297e+08 	0.000000e+00 	0.000000e+00 	5.501130e+21 	
22234 	3.132658e+01 	2.552806e-03 	6.423848e-09 	3.930036e+04 	5.318983e-04 	3.105268e+25 	1.645028e+08 	6.825811e+07 	3.105484e+25 	1.530967e+08 	0.000000e+00 	0.000000e+00 	5.238561e+21 	
22448 	3.172736e+01 	2.130488e-03 	5.190586e-09 	3.954595e+04 	5.158464e-04 	3.105481e+25 	1.683506e+08 	7.081590e+07 	3.105678e+25 	1.535219e+08 	0.000000e+00 	0.000000e+00 	4.864930e+21 	
22660 	3.212928e+01 	1.825438e-03 	3.958346e-09 	3.972844e+04 	5.049776e-04 	3.105697e+25 	1.708118e+08 	7.266942e+07 	3.105872e+25 	1.531020e+08 	0.000000e+00 	0.000000e+00 	4.404717e+21 	
22867 	3.253078e+01 	1.577582e-03 	2.870076e-09 	3.987952e+04 	5.006392e-04 	3.105914e+25 	1.708813e+08 	7.357566e+07 	3.106064e+25 	1.517171e+08 	0.000000e+00 	0.000000e+00 	4.072668e+21 	
23288 	3.333353e+01 	1.714694e-03 	7.393278e-09 	3.897352e+04 	5.007044e-04 	3.106203e+25 	2.281065e+08 	7.189882e+07 	3.106451e+25 	3.054583e+08 	0.000000e+00 	0.000000e+00 	5.753531e+21 	
23487 	3.373613e+01 	3.099187e-03 	6.877754e-09 	3.911736e+04 	5.002195e-04 	3.106416e+25 	1.682404e+08 	7.223332e+07 	3.106654e+25 	1.599659e+08 	0.000000e+00 	0.000000e+00 	5.615950e+21 	
23712 	3.413910e+01 	2.743461e-03 	6.301517e-09 	3.930321e+04 	4.939669e-04 	3.106630e+25 	1.688105e+08 	7.349207e+07 	3.106862e+25 	1.647653e+08 	0.000000e+00 	0.000000e+00 	5.503499e+21 	
23937 	3.454005e+01 	2.520827e-03 	5.606384e-09 	3.945235e+04 	4.775173e-04 	3.106848e+25 	1.721863e+08 	7.630503e+07 	3.107078e+25 	1.700510e+08 	0.000000e+00 	0.000000e+00 	5.460798e+21 	
24163 	3.494058e+01 	2.408980e-03 	5.007397e-09 	3.958517e+04 	4.531351e-04 	3.107071e+25 	1.759163e+08 	8.066978e+07 	3.107303e+25 	1.777146e+08 	0.000000e+00 	0.000000e+00 	5.458749e+21 	
24416 	3.534244e+01 	1.306666e-03 	4.725310e-09 	3.968246e+04 	4.270284e-04 	3.107298e+25 	1.796121e+08 	8.579727e+07 	3.107538e+25 	1.855783e+08 	0.000000e+00 	0.000000e+00 	5.549514e+21 	
24655 	3.574336e+01 	1.592226e-03 	4.853654e-09 	3.968509e+04 	4.072684e-04 	3.107528e+25 	1.814007e+08 	8.995346e+07 	3.107781e+25 	1.916125e+08 	0.000000e+00 	0.000000e+00 	5.692391e+21 	
24896 	3.614595e+01 	1.734017e-03 	5.199806e-09 	3.959161e+04 	3.979660e-04 	3.107762e+25 	1.847264e+08 	9.183347e+07 	3.108027e+25 	1.947453e+08 	0.000000e+00 	0.000000e+00 	5.864340e+21 	
25134 	3.654637e+01 	1.838087e-03 	5.548794e-09 	3.949857e+04 	3.950308e-04 	3.107997e+25 	1.856332e+08 	9.229702e+07 	3.108276e+25 	1.962912e+08 	0.000000e+00 	0.000000e+00 	5.996807e+21 	
25371 	3.694966e+01 	1.936526e-03 	5.957786e-09 	3.939708e+04 	3.934789e-04 	3.108232e+25 	1.857987e+08 	9.242256e+07 	3.108525e+25 	1.964761e+08 	0.000000e+00 	0.000000e+00 	6.097724e+21 	
25601 	3.735061e+01 	1.971581e-03 	6.301528e-09 	3.925773e+04 	3.937010e-04 	3.108469e+25 	1.871252e+08 	9.204485e+07 	3.108761e+25 	1.866602e+08 	0.000000e+00 	0.000000e+00 	6.104892e+21 	
25817 	3.775226e+01 	1.886559e-03 	6.636400e-09 	3.911906e+04 	4.075870e-04 	3.108703e+25 	1.847267e+08 	8.860514e+07 	3.108976e+25 	1.695556e+08 	0.000000e+00 	0.000000e+00 	5.927751e+21 	
26006 	3.815589e+01 	3.584889e-03 	6.976432e-09 	3.892881e+04 	4.508640e-04 	3.108926e+25 	1.760457e+08 	7.973432e+07 	3.109166e+25 	1.497883e+08 	0.000000e+00 	0.000000e+00 	5.619183e+21 	
26221 	3.855579e+01 	2.734578e-03 	7.056245e-09 	3.894941e+04 	5.216501e-04 	3.109130e+25 	1.608402e+08 	6.897592e+07 	3.109333e+25 	1.319491e+08 	0.000000e+00 	0.000000e+00 	5.054777e+21 	
26388 	3.895743e+01 	1.894081e-03 	6.577749e-09 	3.912369e+04 	6.127088e-04 	3.109327e+25 	1.553990e+08 	5.900738e+07 	3.109486e+25 	1.206948e+08 	0.000000e+00 	0.000000e+00 	4.134187e+21 	
26548 	3.935971e+01 	2.697883e-03 	2.714327e-09 	3.941513e+04 	7.239616e-04 	3.109525e+25 	1.562259e+08 	5.032618e+07 	3.109609e+25 	9.727043e+07 	0.000000e+00 	0.000000e+00 	3.435012e+21 	
26676 	3.976053e+01 	2.220845e-03 	8.805371e-09 	3.856957e+04 	7.513588e-04 	3.109571e+25 	3.631029e+07 	4.745540e+07 	3.109728e+25 	9.380318e+07 	0.000000e+00 	0.000000e+00 	4.104197e+21 	
26832 	4.016154e+01 	3.134235e-03 	3.795962e-09 	3.917813e+04 	8.927538e-04 	3.109751e+25 	1.425142e+08 	4.057888e+07 	3.109831e+25 	8.114285e+07 	0.000000e+00 	0.000000e+00 	3.402511e+21 	
26894 	4.057133e+01 	1.854665e-02 	1.021601e-08 	3.799653e+04 	9.268680e-04 	3.109792e+25 	3.215610e+07 	3.790992e+07 	3.109934e+25 	8.171111e+07 	0.000000e+00 	0.000000e+00 	3.984620e+21 	
27024 	4.096567e+01 	1.913002e-03 	1.135562e-09 	3.925483e+04 	1.098287e-03 	3.109967e+25 	1.377920e+08 	3.305783e+07 	3.110027e+25 	7.322359e+07 	0.000000e+00 	0.000000e+00 	2.750614e+21 	
27137 	4.137050e+01 	8.958744e-03 	9.796190e-09 	3.843818e+04 	1.126302e-03 	3.109994e+25 	2.147836e+07 	3.156652e+07 	3.110102e+25 	5.956959e+07 	0.000000e+00 	0.000000e+00 	3.741724e+21 	
27160 	4.176771e+01 	3.936144e-02 	1.157086e-08 	3.694049e+04 	1.168104e-03 	3.110034e+25 	3.204922e+07 	2.925319e+07 	3.110174e+25 	5.640925e+07 	0.000000e+00 	0.000000e+00 	4.004532e+21 	
27161 	4.180708e+01 	4.425074e-02 	1.146776e-08 	3.674999e+04 	1.173393e-03 	3.110039e+25 	4.054536e+06 	2.897144e+07 	3.110180e+25 	4.635455e+06 	0.000000e+00 	0.000000e+00 	4.018280e+21 	
27271 	4.216952e+01 	2.111288e-03 	1.422972e-09 	3.909874e+04 	1.327403e-03 	3.110194e+25 	1.222373e+08 	2.724842e+07 	3.110252e+25 	5.691238e+07 	0.000000e+00 	0.000000e+00 	2.801044e+21 	
27376 	4.257069e+01 	8.940565e-03 	1.038396e-08 	3.834190e+04 	1.350099e-03 	3.110217e+25 	1.812439e+07 	2.627262e+07 	3.110315e+25 	5.000330e+07 	0.000000e+00 	0.000000e+00 	3.658340e+21 	
27400 	4.298560e+01 	3.977705e-02 	1.267264e-08 	3.688805e+04 	1.384148e-03 	3.110252e+25 	2.718977e+07 	2.465596e+07 	3.110386e+25 	5.629128e+07 	0.000000e+00 	0.000000e+00 	3.936092e+21 	
27429 	4.337565e+01 	2.885925e-03 	1.188282e-08 	3.690061e+04 	1.420986e-03 	3.110289e+25 	2.941676e+07 	2.402546e+07 	3.110427e+25 	3.196262e+07 	0.000000e+00 	0.000000e+00 	4.020996e+21 	
27589 	4.377897e+01 	5.006397e-03 	7.275983e-09 	3.865012e+04 	1.455057e-03 	3.110432e+25 	1.131884e+08 	2.457486e+07 	3.110507e+25 	6.343152e+07 	0.000000e+00 	0.000000e+00 	3.475875e+21 	
27631 	4.419981e+01 	2.527682e-02 	1.308878e-08 	3.740469e+04 	1.461898e-03 	3.110461e+25 	2.289046e+07 	2.367239e+07 	3.110592e+25 	6.729695e+07 	0.000000e+00 	0.000000e+00 	3.906703e+21 	
27652 	4.457952e+01 	2.157568e-03 	1.266832e-08 	3.732061e+04 	1.469286e-03 	3.110493e+25 	2.471792e+07 	2.350055e+07 	3.110642e+25 	3.899355e+07 	0.000000e+00 	0.000000e+00 	4.046368e+21 	
27802 	4.498138e+01 	3.119368e-03 	3.819573e-09 	3.895573e+04 	1.350478e-03 	3.110652e+25 	1.256246e+08 	2.668537e+07 	3.110723e+25 	6.393105e+07 	0.000000e+00 	0.000000e+00 	3.363196e+21 	
27868 	4.538670e+01 	1.585022e-02 	1.172773e-08 	3.786132e+04 	1.324688e-03 	3.110681e+25 	2.280532e+07 	2.644084e+07 	3.110821e+25 	7.716663e+07 	0.000000e+00 	0.000000e+00 	4.027825e+21 	
28003 	4.578447e+01 	3.744401e-03 	1.252547e-08 	3.742345e+04 	1.290244e-03 	3.110719e+25 	3.045743e+07 	2.683240e+07 	3.110896e+25 	5.954858e+07 	0.000000e+00 	0.000000e+00 	4.686563e+21 	
28160 	4.618563e+01 	1.848266e-03 	5.985052e-09 	3.905394e+04 	1.020494e-03 	3.110890e+25 	1.348206e+08 	3.539303e+07 	3.111015e+25 	9.430016e+07 	0.000000e+00 	0.000000e+00 	4.019888e+21 	
28342 	4.658642e+01 	2.050457e-03 	1.067693e-08 	3.816111e+04 	9.436280e-04 	3.110936e+25 	3.620448e+07 	3.739851e+07 	3.111159e+25 	1.135713e+08 	0.000000e+00 	0.000000e+00 	5.536660e+21 	
28555 	4.698802e+01 	1.780388e-03 	5.675183e-09 	3.929297e+04 	6.452195e-04 	3.111133e+25 	1.559055e+08 	5.628174e+07 	3.111366e+25 	1.630950e+08 	0.000000e+00 	0.000000e+00 	5.558174e+21 	
28782 	4.739100e+01 	1.748591e-03 	3.596446e-09 	3.984015e+04 	4.241400e-04 	3.111357e+25 	1.762886e+08 	8.672211e+07 	3.111639e+25 	2.152853e+08 	0.000000e+00 	0.000000e+00 	6.034957e+21 	
29060 	4.779156e+01 	1.747976e-03 	4.074330e-09 	3.989901e+04 	3.084193e-04 	3.111607e+25 	1.977745e+08 	1.193068e+08 	3.112010e+25 	2.931250e+08 	0.000000e+00 	0.000000e+00 	7.551284e+21 	
29347 	4.819392e+01 	1.536002e-03 	2.392107e-09 	4.043446e+04 	2.354645e-04 	3.112041e+25 	3.426457e+08 	1.581631e+08 	3.112444e+25 	3.427547e+08 	0.000000e+00 	0.000000e+00 	7.347004e+21 	
29639 	4.859466e+01 	1.421883e-03 	2.211670e-09 	4.052097e+04 	2.100102e-04 	3.112496e+25 	3.587067e+08 	1.775969e+08 	3.112883e+25 	3.462192e+08 	0.000000e+00 	0.000000e+00 	7.065281e+21 	
29908 	4.899638e+01 	1.655050e-03 	2.335075e-09 	4.037873e+04 	2.313616e-04 	3.112944e+25 	3.543372e+08 	1.607322e+08 	3.113272e+25 	3.073016e+08 	0.000000e+00 	0.000000e+00 	6.261091e+21 	
30162 	4.939788e+01 	2.262432e-03 	4.565466e-09 	3.977919e+04 	2.584542e-04 	3.113223e+25 	2.202121e+08 	1.418368e+08 	3.113599e+25 	2.585464e+08 	0.000000e+00 	0.000000e+00 	7.168206e+21 	
30435 	4.979928e+01 	1.378408e-03 	3.553898e-09 	3.986833e+04 	3.192414e-04 	3.113627e+25 	3.188649e+08 	1.151896e+08 	3.113883e+25 	2.236501e+08 	0.000000e+00 	0.000000e+00 	5.623369e+21 	
30675 	5.020127e+01 	1.566356e-03 	4.940517e-09 	3.947827e+04 	3.644918e-04 	3.113870e+25 	1.913874e+08 	9.995310e+07 	3.114129e+25 	1.947688e+08 	0.000000e+00 	0.000000e+00 	5.777854e+21 	
30903 	5.060252e+01 	1.496010e-03 	5.690282e-09 	3.924989e+04 	4.071932e-04 	3.114102e+25 	1.835876e+08 	8.898630e+07 	3.114354e+25 	1.772932e+08 	0.000000e+00 	0.000000e+00 	5.725342e+21 	
31112 	5.100410e+01 	4.013257e-04 	5.969902e-09 	3.920656e+04 	4.404319e-04 	3.114327e+25 	1.772564e+08 	8.219849e+07 	3.114568e+25 	1.693233e+08 	0.000000e+00 	0.000000e+00 	5.626080e+21 	
31335 	5.140816e+01 	2.752681e-03 	5.994302e-09 	3.910199e+04 	4.608153e-04 	3.114547e+25 	1.738685e+08 	7.836309e+07 	3.114782e+25 	1.686034e+08 	0.000000e+00 	0.000000e+00 	5.515980e+21 	
31560 	5.180825e+01 	2.532396e-03 	5.675466e-09 	3.916108e+04 	4.700924e-04 	3.114766e+25 	1.727330e+08 	7.693638e+07 	3.114991e+25 	1.650089e+08 	0.000000e+00 	0.000000e+00 	5.370914e+21 	
31784 	5.220974e+01 	2.327200e-03 	5.168009e-09 	3.926189e+04 	4.725296e-04 	3.114985e+25 	1.732859e+08 	7.673709e+07 	3.115199e+25 	1.645866e+08 	0.000000e+00 	0.000000e+00 	5.196445e+21 	
32007 	5.261236e+01 	2.140455e-03 	4.666025e-09 	3.937421e+04 	4.702808e-04 	3.115204e+25 	1.727120e+08 	7.732310e+07 	3.115410e+25 	1.663560e+08 	0.000000e+00 	0.000000e+00 	5.028000e+21 	
32230 	5.301308e+01 	2.002501e-03 	4.106728e-09 	3.945379e+04 	4.635623e-04 	3.115425e+25 	1.743452e+08 	7.859896e+07 	3.115623e+25 	1.683371e+08 	0.000000e+00 	0.000000e+00 	4.900250e+21 	
32454 	5.341536e+01 	1.904977e-03 	3.619445e-09 	3.953755e+04 	4.529706e-04 	3.115648e+25 	1.762770e+08 	8.060218e+07 	3.115842e+25 	1.723163e+08 	0.000000e+00 	0.000000e+00 	4.793201e+21 	
32680 	5.381598e+01 	1.867045e-03 	3.271230e-09 	3.960058e+04 	4.400776e-04 	3.115873e+25 	1.775567e+08 	8.308895e+07 	3.116065e+25 	1.764232e+08 	0.000000e+00 	0.000000e+00 	4.766810e+21 	
32909 	5.421721e+01 	1.885099e-03 	3.208356e-09 	3.964674e+04 	4.255425e-04 	3.116098e+25 	1.779541e+08 	8.601869e+07 	3.116298e+25 	1.836855e+08 	0.000000e+00 	0.000000e+00 	4.867417e+21 	
33142 	5.461864e+01 	1.989694e-03 	3.366890e-09 	3.962650e+04 	4.094992e-04 	3.116328e+25 	1.809552e+08 	8.933320e+07 	3.116541e+25 	1.922928e+08 	0.000000e+00 	0.000000e+00 	5.123306e+21 	
33399 	5.502101e+01 	1.170422e-03 	3.687645e-09 	3.964063e+04 	3.937582e-04 	3.116560e+25 	1.837442e+08 	9.292635e+07 	3.116793e+25 	1.985361e+08 	0.000000e+00 	0.000000e+00 	5.423188e+21 	
33648 	5.542271e+01 	1.632732e-03 	4.244702e-09 	3.955519e+04 	3.804563e-04 	3.116795e+25 	1.849344e+08 	9.595833e+07 	3.117053e+25 	2.057190e+08 	0.000000e+00 	0.000000e+00 	5.774024e+21 	
33894 	5.582370e+01 	1.858196e-03 	4.846085e-09 	3.941964e+04 	3.680192e-04 	3.117034e+25 	1.888869e+08 	9.885170e+07 	3.117328e+25 	2.169024e+08 	0.000000e+00 	0.000000e+00 	6.170349e+21 	
34137 	5.622595e+01 	2.188231e-03 	5.438459e-09 	3.926275e+04 	3.523483e-04 	3.117280e+25 	1.946756e+08 	1.028236e+08 	3.117621e+25 	2.316031e+08 	0.000000e+00 	0.000000e+00 	6.787866e+21 	
34417 	5.662693e+01 	1.593368e-03 	2.266118e-09 	4.000225e+04 	3.172426e-04 	3.117681e+25 	3.164922e+08 	1.163004e+08 	3.117939e+25 	2.506286e+08 	0.000000e+00 	0.000000e+00 	5.757422e+21 	
34709 	5.702813e+01 	1.651835e-03 	3.685298e-09 	3.980393e+04 	2.881959e-04 	3.117938e+25 	2.024534e+08 	1.273403e+08 	3.118320e+25 	3.008069e+08 	0.000000e+00 	0.000000e+00 	7.437515e+21 	
35003 	5.743084e+01 	1.561285e-03 	2.216926e-09 	4.025992e+04 	2.374091e-04 	3.118372e+25 	3.424535e+08 	1.562008e+08 	3.118766e+25 	3.524634e+08 	0.000000e+00 	0.000000e+00 	7.530666e+21 	
35333 	5.783223e+01 	1.440229e-03 	1.959602e-09 	4.046060e+04 	1.948739e-04 	3.118829e+25 	3.613289e+08 	1.910200e+08 	3.119297e+25 	4.186807e+08 	0.000000e+00 	0.000000e+00 	8.386705e+21 	
35670 	5.823370e+01 	1.438303e-03 	2.413110e-09 	4.047616e+04 	1.701148e-04 	3.119305e+25 	3.757022e+08 	2.187024e+08 	3.119900e+25 	4.763026e+08 	0.000000e+00 	0.000000e+00 	1.000594e+22 	
36010 	5.863476e+01 	1.389301e-03 	1.771607e-09 	4.069902e+04 	1.536455e-04 	3.119968e+25 	5.231988e+08 	2.432775e+08 	3.120553e+25 	5.154212e+08 	0.000000e+00 	0.000000e+00 	9.873545e+21 	
36354 	5.903669e+01 	1.424639e-03 	1.564576e-09 	4.080223e+04 	1.408024e-04 	3.120644e+25 	5.337803e+08 	2.659380e+08 	3.121255e+25 	5.541720e+08 	0.000000e+00 	0.000000e+00 	1.009096e+22 	
36700 	5.943835e+01 	1.425072e-03 	1.683690e-09 	4.077146e+04 	1.363614e-04 	3.121331e+25 	5.423305e+08 	2.743146e+08 	3.121954e+25 	5.516547e+08 	0.000000e+00 	0.000000e+00 	1.025745e+22 	
37059 	5.983975e+01 	4.411450e-04 	1.811109e-09 	4.075137e+04 	1.408116e-04 	3.122013e+25 	5.382272e+08 	2.655924e+08 	3.122653e+25 	5.517396e+08 	0.000000e+00 	0.000000e+00 	1.060686e+22 	
37420 	6.024101e+01 	1.474371e-03 	1.809604e-09 	4.071867e+04 	1.341849e-04 	3.122697e+25 	5.404798e+08 	2.783651e+08 	3.123437e+25 	6.191535e+08 	0.000000e+00 	0.000000e+00 	1.199230e+22 	
37794 	6.064270e+01 	1.453381e-03 	1.976680e-09 	4.080787e+04 	1.158647e-04 	3.123403e+25 	5.568627e+08 	3.226044e+08 	3.124308e+25 	6.878350e+08 	0.000000e+00 	0.000000e+00 	1.367078e+22 	
38145 	6.104467e+01 	1.467498e-03 	1.878769e-09 	4.086456e+04 	1.102076e-04 	3.124303e+25 	7.103988e+08 	3.394425e+08 	3.125117e+25 	6.389121e+08 	0.000000e+00 	0.000000e+00 	1.242358e+22 	
38492 	6.144681e+01 	1.306461e-03 	1.798098e-09 	4.068712e+04 	1.312928e-04 	3.125183e+25 	6.947944e+08 	2.842205e+08 	3.125800e+25 	5.388857e+08 	0.000000e+00 	0.000000e+00 	1.012853e+22 	
38812 	6.184818e+01 	1.534838e-03 	1.994156e-09 	4.046454e+04 	1.532294e-04 	3.125857e+25 	5.323388e+08 	2.425387e+08 	3.126412e+25 	4.834508e+08 	0.000000e+00 	0.000000e+00 	9.466313e+21 	
39152 	6.224942e+01 	1.479839e-03 	1.606541e-09 	4.046383e+04 	1.631960e-04 	3.126517e+25 	5.211131e+08 	2.278351e+08 	3.127003e+25 	4.661218e+08 	0.000000e+00 	0.000000e+00 	8.546474e+21 	
39480 	6.265109e+01 	5.476753e-04 	2.499379e-09 	4.035707e+04 	1.628991e-04 	3.127003e+25 	3.838120e+08 	2.276496e+08 	3.127596e+25 	4.680107e+08 	0.000000e+00 	0.000000e+00 	9.910642e+21 	
39806 	6.305225e+01 	1.457229e-03 	1.988815e-09 	4.036543e+04 	1.661310e-04 	3.127658e+25 	5.172720e+08 	2.232998e+08 	3.128167e+25 	4.508687e+08 	0.000000e+00 	0.000000e+00 	8.775790e+21 	
40144 	6.345393e+01 	1.467721e-03 	2.833402e-09 	4.013148e+04 	1.716775e-04 	3.128143e+25 	3.829351e+08 	2.148938e+08 	3.128738e+25 	4.509154e+08 	0.000000e+00 	0.000000e+00 	1.009365e+22 	
40487 	6.385661e+01 	1.439748e-03 	2.010842e-09 	4.031894e+04 	1.657727e-04 	3.128792e+25 	5.123528e+08 	2.235230e+08 	3.129366e+25 	4.957887e+08 	0.000000e+00 	0.000000e+00 	9.957814e+21 	
40853 	6.425761e+01 	1.240105e-03 	1.456588e-09 	4.058271e+04 	1.412397e-04 	3.129461e+25 	5.282582e+08 	2.637081e+08 	3.130112e+25 	5.890250e+08 	0.000000e+00 	0.000000e+00 	1.079827e+22 	
41204 	6.466005e+01 	1.464860e-03 	1.595633e-09 	4.072207e+04 	1.165595e-04 	3.130161e+25 	5.520875e+08 	3.200351e+08 	3.130952e+25 	6.633218e+08 	0.000000e+00 	0.000000e+00 	1.229710e+22 	
41580 	6.506161e+01 	1.414938e-03 	1.408891e-09 	4.070978e+04 	1.168968e-04 	3.131053e+25 	7.044117e+08 	3.190262e+08 	3.131764e+25 	6.406035e+08 	0.000000e+00 	0.000000e+00 	1.148603e+22 	
41956 	6.546283e+01 	1.499088e-03 	1.878385e-09 	4.059953e+04 	1.183834e-04 	3.131760e+25 	5.583401e+08 	3.142177e+08 	3.132638e+25 	6.902162e+08 	0.000000e+00 	0.000000e+00 	1.360910e+22 	
42343 	6.586484e+01 	1.431417e-03 	1.573968e-09 	4.075502e+04 	1.035027e-04 	3.132660e+25 	7.104519e+08 	3.602101e+08 	3.133578e+25 	7.422917e+08 	0.000000e+00 	0.000000e+00 	1.377808e+22 	
42694 	6.626556e+01 	1.522912e-03 	1.772062e-09 	4.068480e+04 	1.047890e-04 	3.133573e+25 	7.207180e+08 	3.552354e+08 	3.134413e+25 	6.593174e+08 	0.000000e+00 	0.000000e+00 	1.276282e+22 	
43043 	6.666742e+01 	1.504387e-03 	1.787321e-09 	4.048918e+04 	1.240288e-04 	3.134460e+25 	7.003215e+08 	2.992513e+08 	3.135145e+25 	5.781026e+08 	0.000000e+00 	0.000000e+00 	1.090141e+22 	
43388 	6.706924e+01 	1.523147e-03 	2.198530e-09 	4.028491e+04 	1.382792e-04 	3.135149e+25 	5.439009e+08 	2.673448e+08 	3.135810e+25 	5.248413e+08 	0.000000e+00 	0.000000e+00 	1.070456e+22 	
43731 	6.747117e+01 	1.493839e-03 	2.263923e-09 	4.017585e+04 	1.499726e-04 	3.135821e+25 	5.308128e+08 	2.460090e+08 	3.136446e+25 	5.022117e+08 	0.000000e+00 	0.000000e+00 	1.039614e+22 	
44074 	6.787222e+01 	1.502567e-03 	1.995190e-09 	4.019615e+04 	1.520817e-04 	3.136487e+25 	5.256916e+08 	2.427465e+08 	3.137108e+25 	5.223851e+08 	0.000000e+00 	0.000000e+00 	1.046846e+22 	
44458 	6.827317e+01 	4.965242e-04 	1.689350e-09 	4.041424e+04 	1.379863e-04 	3.137163e+25 	5.332403e+08 	2.687595e+08 	3.137869e+25 	6.009215e+08 	0.000000e+00 	0.000000e+00 	1.170962e+22 	
44858 	6.867507e+01 	5.730130e-04 	1.747131e-09 	4.055378e+04 	1.143906e-04 	3.137864e+25 	5.535959e+08 	3.247043e+08 	3.138821e+25 	7.510884e+08 	0.000000e+00 	0.000000e+00 	1.474661e+22 	
45282 	6.907639e+01 	3.565839e-04 	1.540039e-09 	4.078219e+04 	9.257726e-05 	3.138781e+25 	7.241579e+08 	4.024145e+08 	3.139979e+25 	9.148841e+08 	0.000000e+00 	0.000000e+00 	1.765131e+22 	
45727 	6.947854e+01 	9.631789e-04 	9.260830e-10 	4.102020e+04 	7.351579e-05 	3.140110e+25 	1.049292e+09 	5.078938e+08 	3.141356e+25 	1.086985e+09 	0.000000e+00 	0.000000e+00 	1.806678e+22 	
46166 	6.988032e+01 	1.192172e-03 	9.345022e-10 	4.103335e+04 	6.777955e-05 	3.141473e+25 	1.075585e+09 	5.502618e+08 	3.142768e+25 	1.114472e+09 	0.000000e+00 	0.000000e+00 	1.867387e+22 	
46592 	7.028157e+01 	4.850983e-04 	1.009112e-09 	4.103551e+04 	6.761271e-05 	3.142837e+25 	1.076872e+09 	5.516230e+08 	3.144155e+25 	1.095192e+09 	0.000000e+00 	0.000000e+00 	1.874939e+22 	
47011 	7.068322e+01 	1.123545e-03 	1.133979e-09 	4.091131e+04 	7.121703e-05 	3.144198e+25 	1.074894e+09 	5.226345e+08 	3.145430e+25 	1.006331e+09 	0.000000e+00 	0.000000e+00 	1.758800e+22 	
47398 	7.108515e+01 	1.440659e-03 	1.078590e-09 	4.075098e+04 	7.913620e-05 	3.145541e+25 	1.059855e+09 	4.693388e+08 	3.146594e+25 	9.191703e+08 	0.000000e+00 	0.000000e+00 	1.547627e+22 	
47803 	7.148630e+01 	1.283254e-03 	1.223761e-09 	4.063013e+04 	8.643369e-05 	3.146673e+25 	8.936398e+08 	4.290240e+08 	3.147651e+25 	8.342647e+08 	0.000000e+00 	0.000000e+00 	1.463821e+22 	
48184 	7.188833e+01 	1.410057e-03 	1.119267e-09 	4.053405e+04 	9.499393e-05 	3.147789e+25 	8.814810e+08 	3.899549e+08 	3.148632e+25 	7.746927e+08 	0.000000e+00 	0.000000e+00 	1.297763e+22 	
48563 	7.229001e+01 	1.408061e-03 	1.368643e-09 	4.041727e+04 	1.003537e-04 	3.148704e+25 	7.221794e+08 	3.683333e+08 	3.149567e+25 	7.381068e+08 	0.000000e+00 	0.000000e+00 	1.323237e+22 	
48941 	7.269215e+01 	1.466981e-03 	1.477871e-09 	4.033983e+04 	1.036873e-04 	3.149614e+25 	7.181182e+08 	3.559569e+08 	3.150498e+25 	7.347578e+08 	0.000000e+00 	0.000000e+00 	1.363124e+22 	
49341 	7.309293e+01 	1.260320e-03 	1.490384e-09 	4.033874e+04 	1.010178e-04 	3.150523e+25 	7.176793e+08 	3.652392e+08 	3.151467e+25 	7.650987e+08 	0.000000e+00 	0.000000e+00 	1.438403e+22 	
49720 	7.349528e+01 	1.443939e-03 	1.617877e-09 	4.032713e+04 	9.600539e-05 	3.151443e+25 	7.266227e+08 	3.839547e+08 	3.152459e+25 	7.834030e+08 	0.000000e+00 	0.000000e+00 	1.509020e+22 	
50096 	7.389654e+01 	1.303969e-03 	1.265804e-09 	4.036477e+04 	9.674597e-05 	3.152547e+25 	8.711990e+08 	3.814041e+08 	3.153412e+25 	7.523412e+08 	0.000000e+00 	0.000000e+00 	1.312568e+22 	
50447 	7.429771e+01 	1.470038e-03 	1.515849e-09 	4.023295e+04 	1.042285e-04 	3.153457e+25 	7.187032e+08 	3.532033e+08 	3.154263e+25 	6.718940e+08 	0.000000e+00 	0.000000e+00 	1.241633e+22 	
50812 	7.469934e+01 	8.163978e-04 	1.480614e-09 	4.012585e+04 	1.201455e-04 	3.154348e+25 	7.030830e+08 	3.060809e+08 	3.155023e+25 	5.999642e+08 	0.000000e+00 	0.000000e+00 	1.087736e+22 	
51165 	7.510135e+01 	1.497192e-03 	1.883910e-09 	3.991742e+04 	1.285641e-04 	3.155042e+25 	5.485753e+08 	2.847568e+08 	3.155784e+25 	6.003936e+08 	0.000000e+00 	0.000000e+00 	1.195135e+22 	
51536 	7.550301e+01 	1.552789e-03 	2.064834e-09 	3.988066e+04 	1.230252e-04 	3.155742e+25 	5.520839e+08 	2.971789e+08 	3.156614e+25 	6.557661e+08 	0.000000e+00 	0.000000e+00 	1.359923e+22 	
51934 	7.590438e+01 	1.402816e-03 	1.576974e-09 	4.010966e+04 	1.076383e-04 	3.156628e+25 	6.999771e+08 	3.411057e+08 	3.157555e+25 	7.428612e+08 	0.000000e+00 	0.000000e+00 	1.429879e+22 	
52336 	7.630620e+01 	1.468381e-03 	1.511605e-09 	4.018511e+04 	9.572363e-05 	3.157543e+25 	7.220153e+08 	3.837316e+08 	3.158626e+25 	8.456250e+08 	0.000000e+00 	0.000000e+00 	1.625982e+22 	
52644 	7.670704e+01 	1.879954e-03 	1.164912e-09 	4.032734e+04 	8.253239e-05 	3.158665e+25 	8.854913e+08 	4.457039e+08 	3.159840e+25 	9.583426e+08 	0.000000e+00 	0.000000e+00 	-3.158498e+25 	
52800 	7.711174e+01 	4.733232e-03 	5.441715e-10 	4.023723e+04 	7.455793e-05 	3.159812e+25 	9.056618e+08 	4.915089e+08 	0.000000e+00 	-2.494611e+12 	0.000000e+00 	0.000000e+00 	-3.159634e+25 	
52816 	7.719642e+01 	4.016064e-01 	0.000000e+00 	3.869812e+04 	0.000000e+00 	0.000000e+00 	-2.494588e+12 	2.998000e+10 	0.000000e+00 	0.000000e+00 	0.000000e+00 	0.000000e+00 	-3.159906e+25 	
52817 	7.759802e+01 	4.016064e-01 	0.000000e+00 	3.798614e+04 	0.000000e+00 	0.000000e+00 	0.000000e+00 	2.998000e+10 	0.000000e+00 	0.000000e+00 	0.000000e+00 	0.000000e+00 	-3.160015e+25 	
52818 	7.799963e+01 	4.016064e-01 	0.000000e+00 	0.000000e+00 	0.000000e+00 	0.000000e+00 	0.000000e+00 	nan 	0.000000e+00 	0.000000e+00 	0.000000e+00 	0.000000e+00 	0.000000e+00 	
52819 	7.840124e+01 	4.016064e-01 	0.000000e+00 	0.000000e+00 	0.000000e+00 	0.000000e+00 	0.000000e+00 	nan 	0.000000e+00 	0.000000e+00 	0.000000e+00 	0.000000e+00 	0.000000e+00 	
52820 	7.880284e+01 	4.016064e-01 	0.000000e+00 	0.000000e+00 	0.000000e+00 	0.000000e+00 	0.000000e+00 	nan 	0.000000e+00 	0.000000e+00 	0.000000e+00 	0.000000e+00 	0.000000e+00 	
52821 	7.920445e+01 	4.016064e-01 	0.000000e+00 	0.000000e+00 	0.000000e+00 	0.000000e+00 	0.000000e+00 	nan 	0.000000e+00 	0.000000e+00 	0.000000e+00 	0.000000e+00 	0.000000e+00 	
52822 	7.960606e+01 	4.016064e-01 	0.000000e+00 	0.000000e+00 	0.000000e+00 	0.000000e+00 	0.000000e+00 	nan 	0.000000e+00 	0.000000e+00 	0.000000e+00 	0.000000e+00 	0.000000e+00 	
52823 	8.000766e+01 	4.016064e-01 	0.000000e+00 	0.000000e+00 	0.000000e+00 	0.000000e+00 	0.000000e+00 	nan 	0.000000e+00 	0.000000e+00 	0.000000e+00 	0.000000e+00 	0.000000e+00 	
52824 	8.040927e+01 	4.016064e-01 	0.000000e+00 	0.000000e+00 	0.000000e+00 	0.000000e+00 	0.000000e+00 	nan 	0.000000e+00 	0.000000e+00 	0.000000e+00 	0.000000e+00 	0.000000e+00 	
52825 	8.081087e+01 	4.016064e-01 	0.000000e+00 	0.000000e+00 	0.000000e+00 	0.000000e+00 	0.000000e+00 	nan 	0.000000e+00 	0.000000e+00 	0.000000e+00 	0.000000e+00 	0.000000e+00 	
52826 	8.121248e+01 	4.016064e-01 	0.000000e+00 	0.000000e+00 	0.000000e+00 	0.000000e+00 	0.000000e+00 	nan 	0.000000e+00 	0.000000e+00 	0.000000e+00 	0.000000e+00 	0.000000e+00 	
52827 	8.161409e+01 	4.016064e-01 	0.000000e+00 	0.000000e+00 	0.000000e+00 	0.000000e+00 	0.000000e+00 	nan 	0.000000e+00 	0.000000e+00 	0.000000e+00 	0.000000e+00 	0.000000e+00 	
52828 	8.201569e+01 	4.016064e-01 	0.000000e+00 	0.000000e+00 	0.000000e+00 	0.000000e+00 	0.000000e+00 	nan 	0.000000e+00 	0.000000e+00 	0.000000e+00 	0.000000e+00 	0.000000e+00 	
52829 	8.241730e+01 	4.016064e-01 	0.000000e+00 	0.000000e+00 	0.000000e+00 	0.000000e+00 	0.000000e+00 	nan 	0.000000e+00 	0.000000e+00 	0.000000e+00 	0.000000e+00 	0.000000e+00 	
52830 	8.281891e+01 	4.016064e-01 	0.000000e+00 	0.000000e+00 	0.000000e+00 	0.000000e+00 	0.000000e+00 	nan 	0.000000e+00 	0.000000e+00 	0.000000e+00 	0.000000e+00 	0.000000e+00 	
52831 	8.322051e+01 	4.016064e-01 	0.000000e+00 	0.000000e+00 	0.000000e+00 	0.000000e+00 	0.000000e+00 	nan 	0.000000e+00 	0.000000e+00 	0.000000e+00 	0.000000e+00 	0.000000e+00 	
52832 	8.362212e+01 	4.016064e-01 	0.000000e+00 	0.000000e+00 	0.000000e+00 	0.000000e+00 	0.000000e+00 	nan 	0.000000e+00 	0.000000e+00 	0.000000e+00 	0.000000e+00 	0.000000e+00 	
52833 	8.402373e+01 	4.016064e-01 	0.000000e+00 	0.000000e+00 	0.000000e+00 	0.000000e+00 	0.000000e+00 	nan 	0.000000e+00 	0.000000e+00 	0.000000e+00 	0.000000e+00 	0.000000e+00 	
52834 	8.442533e+01 	4.016064e-01 	0.000000e+00 	0.000000e+00 	0.000000e+00 	0.000000e+00 	0.000000e+00 	nan 	0.000000e+00 	0.000000e+00 	0.000000e+00 	0.000000e+00 	0.000000e+00 	
52835 	8.482694e+01 	4.016064e-01 	0.000000e+00 	0.000000e+00 	0.000000e+00 	0.000000e+00 	0.000000e+00 	nan 	0.000000e+00 	0.000000e+00 	0.000000e+00 	0.000000e+00 	0.000000e+00 	
52836 	8.522855e+01 	4.016064e-01 	0.000000e+00 	0.000000e+00 	0.000000e+00 	0.000000e+00 	0.000000e+00 	nan 	0.000000e+00 	0.000000e+00 	0.000000e+00 	0.000000e+00 	0.000000e+00 	
52837 	8.563015e+01 	4.016064e-01 	0.000000e+00 	0.000000e+00 	0.000000e+00 	0.000000e+00 	0.000000e+00 	nan 	0.000000e+00 	0.000000e+00 	0.000000e+00 	0.000000e+00 	0.000000e+00 	
52838 	8.603176e+01 	4.016064e-01 	0.000000e+00 	0.000000e+00 	0.000000e+00 	0.000000e+00 	0.000000e+00 	nan 	0.000000e+00 	0.000000e+00 	0.000000e+00 	0.000000e+00 	0.000000e+00 	
52839 	8.643336e+01 	4.016064e-01 	0.000000e+00 	0.000000e+00 	0.000000e+00 	0.000000e+00 	0.000000e+00 	nan 	0.000000e+00 	0.000000e+00 	0.000000e+00 	0.000000e+00 	0.000000e+00 	
52840 	8.683497e+01 	4.016064e-01 	0.000000e+00 	0.000000e+00 	0.000000e+00 	0.000000e+00 	0.000000e+00 	nan 	0.000000e+00 	0.000000e+00 	0.000000e+00 	0.000000e+00 	0.000000e+00 	
52841 	8.723658e+01 	4.016064e-01 	0.000000e+00 	0.000000e+00 	0.000000e+00 	0.000000e+00 	0.000000e+00 	nan 	0.000000e+00 	0.000000e+00 	0.000000e+00 	0.000000e+00 	0.000000e+00 	
52842 	8.763818e+01 	4.016064e-01 	0.000000e+00 	0.000000e+00 	0.000000e+00 	0.000000e+00 	0.000000e+00 	nan 	0.000000e+00 	0.000000e+00 	0.000000e+00 	0.000000e+00 	0.000000e+00 	
52843 	8.803979e+01 	4.016064e-01 	0.000000e+00 	0.000000e+00 	0.000000e+00 	0.000000e+00 	0.000000e+00 	nan 	0.000000e+00 	0.000000e+00 	0.000000e+00 	0.000000e+00 	0.000000e+00 	
52844 	8.844140e+01 	4.016064e-01 	0.000000e+00 	0.000000e+00 	0.000000e+00 	0.000000e+00 	0.000000e+00 	nan 	0.000000e+00 	0.000000e+00 	0.000000e+00 	0.000000e+00 	0.000000e+00 	
52845 	8.884300e+01 	4.016064e-01 	0.000000e+00 	0.000000e+00 	0.000000e+00 	0.000000e+00 	0.000000e+00 	nan 	0.000000e+00 	0.000000e+00 	0.000000e+00 	0.000000e+00 	0.000000e+00 	
52846 	8.924461e+01 	4.016064e-01 	0.000000e+00 	0.000000e+00 	0.000000e+00 	0.000000e+00 	0.000000e+00 	nan 	0.000000e+00 	0.000000e+00 	0.000000e+00 	0.000000e+00 	0.000000e+00 	
52847 	8.964622e+01 	4.016064e-01 	0.000000e+00 	0.000000e+00 	0.000000e+00 	0.000000e+00 	0.000000e+00 	nan 	0.000000e+00 	0.000000e+00 	0.000000e+00 	0.000000e+00 	0.000000e+00 	
52848 	9.004782e+01 	4.016064e-01 	0.000000e+00 	0.000000e+00 	0.000000e+00 	0.000000e+00 	0.000000e+00 	nan 	0.000000e+00 	0.000000e+00 	0.000000e+00 	0.000000e+00 	0.000000e+00 	
52849 	9.044943e+01 	4.016064e-01 	0.000000e+00 	0.000000e+00 	0.000000e+00 	0.000000e+00 	0.000000e+00 	nan 	0.000000e+00 	0.000000e+00 	0.000000e+00 	0.000000e+00 	0.000000e+00 	
52850 	9.085104e+01 	4.016064e-01 	0.000000e+00 	0.000000e+00 	0.000000e+00 	0.000000e+00 	0.000000e+00 	nan 	0.000000e+00 	0.000000e+00 	0.000000e+00 	0.000000e+00 	0.000000e+00 	
52851 	9.125264e+01 	4.016064e-01 	0.000000e+00 	0.000000e+00 	0.000000e+00 	0.000000e+00 	0.000000e+00 	nan 	0.000000e+00 	0.000000e+00 	0.000000e+00 	0.000000e+00 	0.000000e+00 	
52852 	9.165425e+01 	4.016064e-01 	0.000000e+00 	0.000000e+00 	0.000000e+00 	0.000000e+00 	0.000000e+00 	nan 	0.000000e+00 	0.000000e+00 	0.000000e+00 	0.000000e+00 	0.000000e+00 	
52853 	9.205585e+01 	4.016064e-01 	0.000000e+00 	0.000000e+00 	0.000000e+00 	0.000000e+00 	0.000000e+00 	nan 	0.000000e+00 	0.000000e+00 	0.000000e+00 	0.000000e+00 	0.000000e+00 	
52854 	9.245746e+01 	4.016064e-01 	0.000000e+00 	0.000000e+00 	0.000000e+00 	0.000000e+00 	0.000000e+00 	nan 	0.000000e+00 	0.000000e+00 	0.000000e+00 	0.000000e+00 	0.000000e+00 	
52855 	9.285907e+01 	4.016064e-01 	0.000000e+00 	0.000000e+00 	0.000000e+00 	0.000000e+00 	0.000000e+00 	nan 	0.000000e+00 	0.000000e+00 	0.000000e+00 	0.000000e+00 	0.000000e+00 	
52856 	9.326067e+01 	4.016064e-01 	0.000000e+00 	0.000000e+00 	0.000000e+00 	0.000000e+00 	0.000000e+00 	nan 	0.000000e+00 	0.000000e+00 	0.000000e+00 	0.000000e+00 	0.000000e+00 	
52857 	9.366228e+01 	4.016064e-01 	0.000000e+00 	0.000000e+00 	0.000000e+00 	0.000000e+00 	0.000000e+00 	nan 	0.000000e+00 	0.000000e+00 	0.000000e+00 	0.000000e+00 	0.000000e+00 	
52858 	9.406389e+01 	4.016064e-01 	0.000000e+00 	0.000000e+00 	0.000000e+00 	0.000000e+00 	0.000000e+00 	nan 	0.000000e+00 	0.000000e+00 	0.000000e+00 	0.000000e+00 	0.000000e+00 	
52859 	9.446549e+01 	4.016064e-01 	0.000000e+00 	0.000000e+00 	0.000000e+00 	0.000000e+00 	0.000000e+00 	nan 	0.000000e+00 	0.000000e+00 	0.000000e+00 	0.000000e+00 	0.000000e+00 	
52860 	9.486710e+01 	4.016064e-01 	0.000000e+00 	0.000000e+00 	0.000000e+00 	0.000000e+00 	0.000000e+00 	nan 	0.000000e+00 	0.000000e+00 	0.000000e+00 	0.000000e+00 	0.000000e+00 	
52861 	9.526871e+01 	4.016064e-01 	0.000000e+00 	0.000000e+00 	0.000000e+00 	0.000000e+00 	0.000000e+00 	nan 	0.000000e+00 	0.000000e+00 	0.000000e+00 	0.000000e+00 	0.000000e+00 	
52862 	9.567031e+01 	4.016064e-01 	0.000000e+00 	0.000000e+00 	0.000000e+00 	0.000000e+00 	0.000000e+00 	nan 	0.000000e+00 	0.000000e+00 	0.000000e+00 	0.000000e+00 	0.000000e+00 	
52863 	9.607192e+01 	4.016064e-01 	0.000000e+00 	0.000000e+00 	0.000000e+00 	0.000000e+00 	0.000000e+00 	nan 	0.000000e+00 	0.000000e+00 	0.000000e+00 	0.000000e+00 	0.000000e+00 	
52864 	9.647353e+01 	4.016064e-01 	0.000000e+00 	0.000000e+00 	0.000000e+00 	0.000000e+00 	0.000000e+00 	nan 	0.000000e+00 	0.000000e+00 	0.000000e+00 	0.000000e+00 	0.000000e+00 	
52865 	9.687513e+01 	4.016064e-01 	0.000000e+00 	0.000000e+00 	0.000000e+00 	0.000000e+00 	0.000000e+00 	nan 	0.000000e+00 	0.000000e+00 	0.000000e+00 	0.000000e+00 	0.000000e+00 	
52866 	9.727674e+01 	4.016064e-01 	0.000000e+00 	0.000000e+00 	0.000000e+00 	0.000000e+00 	0.000000e+00 	nan 	0.000000e+00 	0.000000e+00 	0.000000e+00 	0.000000e+00 	0.000000e+00 	
52867 	9.767834e+01 	4.016064e-01 	0.000000e+00 	0.000000e+00 	0.000000e+00 	0.000000e+00 	0.000000e+00 	nan 	0.000000e+00 	0.000000e+00 	0.000000e+00 	0.000000e+00 	0.000000e+00 	
52868 	9.807995e+01 	4.016064e-01 	0.000000e+00 	0.000000e+00 	0.000000e+00 	0.000000e+00 	0.000000e+00 	nan 	0.000000e+00 	0.000000e+00 	0.000000e+00 	0.000000e+00 	0.000000e+00 	
52869 	9.848156e+01 	4.016064e-01 	0.000000e+00 	0.000000e+00 	0.000000e+00 	0.000000e+00 	0.000000e+00 	nan 	0.000000e+00 	0.000000e+00 	0.000000e+00 	0.000000e+00 	0.000000e+00 	
52870 	9.888316e+01 	4.016064e-01 	0.000000e+00 	0.000000e+00 	0.000000e+00 	0.000000e+00 	0.000000e+00 	nan 	0.000000e+00 	0.000000e+00 	0.000000e+00 	0.000000e+00 	0.000000e+00 	
52871 	9.928477e+01 	4.016064e-01 	0.000000e+00 	0.000000e+00 	0.000000e+00 	0.000000e+00 	0.000000e+00 	nan 	0.000000e+00 	0.000000e+00 	0.000000e+00 	0.000000e+00 	0.000000e+00 	
52872 	9.968638e+01 	4.016064e-01 	0.000000e+00 	0.000000e+00 	0.000000e+00 	0.000000e+00 	0.000000e+00 	nan 	0.000000e+00 	0.000000e+00 	0.000000e+00 	0.000000e+00 	0.000000e+00 	
