2.041557590459609717e+00 0.000000000000000000e+00 7.691110607167376267e-01
2.123801145542156821e+00 0.000000000000000000e+00 7.704367896314384678e-01
2.206044700624703925e+00 0.000000000000000000e+00 7.804905028843996950e-01
2.288288255707251029e+00 0.000000000000000000e+00 7.830432310856237921e-01
2.370531810789798133e+00 0.000000000000000000e+00 7.843054467374801497e-01
2.452775365872345237e+00 0.000000000000000000e+00 7.818364841490883510e-01
2.535018920954892785e+00 0.000000000000000000e+00 7.783270290336686825e-01
2.617262476037439889e+00 0.000000000000000000e+00 7.880421074814311089e-01
2.699506031119986993e+00 0.000000000000000000e+00 7.884837292656982077e-01
2.781749586202534097e+00 0.000000000000000000e+00 7.947170750101475445e-01
2.863993141285081201e+00 0.000000000000000000e+00 7.919749707604921696e-01
2.946236696367628305e+00 0.000000000000000000e+00 7.865422871037979213e-01
3.028480251450175409e+00 0.000000000000000000e+00 7.833088521350950462e-01
3.110723806532722513e+00 0.000000000000000000e+00 7.729498113382310409e-01
3.192967361615269617e+00 0.000000000000000000e+00 7.717257631820939601e-01
3.275210916697816721e+00 0.000000000000000000e+00 7.621135800484815093e-01
3.357454471780363825e+00 0.000000000000000000e+00 7.519531664916015989e-01
3.439698026862910929e+00 0.000000000000000000e+00 7.442013195137304749e-01
3.521941581945458033e+00 0.000000000000000000e+00 7.256494133771884680e-01
3.604185137028005137e+00 0.000000000000000000e+00 7.148188441111520408e-01
3.686428692110552241e+00 0.000000000000000000e+00 6.961277311007567636e-01
3.768672247193099345e+00 0.000000000000000000e+00 6.842225073322030227e-01
3.850915802275646449e+00 0.000000000000000000e+00 6.682346397021579065e-01
3.933159357358193553e+00 0.000000000000000000e+00 6.453822637694869302e-01
4.015402912440740657e+00 0.000000000000000000e+00 6.312632752817927129e-01
4.097646467523287761e+00 0.000000000000000000e+00 6.030128710797921787e-01
4.179890022605834865e+00 0.000000000000000000e+00 5.780019950376165117e-01
4.262133577688381969e+00 0.000000000000000000e+00 5.456519879331397371e-01
4.344377132770929073e+00 0.000000000000000000e+00 5.172553928472038987e-01
4.426620687853476177e+00 0.000000000000000000e+00 5.028839435166152505e-01
4.508864242936023281e+00 0.000000000000000000e+00 4.584183298752646518e-01
4.591107798018570385e+00 0.000000000000000000e+00 4.263048349278433236e-01
4.673351353101117489e+00 0.000000000000000000e+00 3.986176729101735816e-01
4.755594908183664593e+00 0.000000000000000000e+00 3.685041445045258990e-01
4.837838463266211697e+00 0.000000000000000000e+00 3.331373548027761755e-01
4.920082018348758801e+00 0.000000000000000000e+00 3.034053058045297901e-01
5.002325573431305905e+00 0.000000000000000000e+00 2.483545283587230146e-01
5.084569128513853009e+00 0.000000000000000000e+00 2.209372407475541644e-01
5.166812683596400113e+00 0.000000000000000000e+00 2.023509894954255983e-01
5.249056238678948105e+00 0.000000000000000000e+00 1.617323485063040245e-01
2.043265765419584046e+00 5.000000000000000000e-01 6.470784767298431994e-01
2.127689185395311267e+00 5.000000000000000000e-01 6.382720321933228469e-01
2.212112605371038487e+00 5.000000000000000000e-01 6.319207175957675116e-01
2.296536025346766152e+00 5.000000000000000000e-01 6.367009549401205781e-01
2.380959445322493373e+00 5.000000000000000000e-01 6.356690283871505587e-01
2.465382865298220594e+00 5.000000000000000000e-01 6.336604493279889283e-01
2.549806285273947815e+00 5.000000000000000000e-01 6.383329664674497472e-01
2.634229705249675035e+00 5.000000000000000000e-01 6.367095203451755836e-01
2.718653125225402700e+00 5.000000000000000000e-01 6.327350489813231560e-01
2.803076545201129921e+00 5.000000000000000000e-01 6.329934838410165021e-01
2.887499965176857142e+00 5.000000000000000000e-01 6.269271800576157183e-01
2.971923385152584363e+00 5.000000000000000000e-01 6.195928187238626261e-01
3.056346805128311583e+00 5.000000000000000000e-01 6.154233384334217849e-01
3.140770225104038804e+00 5.000000000000000000e-01 6.106075615197994466e-01
3.225193645079766469e+00 5.000000000000000000e-01 6.009661706330240438e-01
3.309617065055493690e+00 5.000000000000000000e-01 5.922097252896590946e-01
3.394040485031220911e+00 5.000000000000000000e-01 5.848701545818456582e-01
3.478463905006948131e+00 5.000000000000000000e-01 5.717507580712017923e-01
3.562887324982675796e+00 5.000000000000000000e-01 5.496435756707965803e-01
3.647310744958403017e+00 5.000000000000000000e-01 5.403269224287406969e-01
3.731734164934130238e+00 5.000000000000000000e-01 5.196514955830896509e-01
3.816157584909857459e+00 5.000000000000000000e-01 5.044595895571488686e-01
3.900581004885584679e+00 5.000000000000000000e-01 4.893799776448414796e-01
3.985004424861311900e+00 5.000000000000000000e-01 4.682495865709964677e-01
4.069427844837038677e+00 5.000000000000000000e-01 4.454905690888608105e-01
4.153851264812766786e+00 5.000000000000000000e-01 4.259636231720662636e-01
4.238274684788494007e+00 5.000000000000000000e-01 3.988170848045166639e-01
4.322698104764221227e+00 5.000000000000000000e-01 3.703156775976532145e-01
4.407121524739948448e+00 5.000000000000000000e-01 3.450704828776725019e-01
4.491544944715675669e+00 5.000000000000000000e-01 3.172856541573041977e-01
4.575968364691403778e+00 5.000000000000000000e-01 2.844352817175606618e-01
4.660391784667130111e+00 5.000000000000000000e-01 2.581011761779743452e-01
4.744815204642858220e+00 5.000000000000000000e-01 2.345439442470263203e-01
4.829238624618584552e+00 5.000000000000000000e-01 2.023561567275389550e-01
4.913662044594312661e+00 5.000000000000000000e-01 1.827997766825774362e-01
4.998085464570039882e+00 5.000000000000000000e-01 1.554372718513153950e-01
5.082508884545767103e+00 5.000000000000000000e-01 1.309801010738566585e-01
5.166932304521494324e+00 5.000000000000000000e-01 1.165074331899219606e-01
5.251355724497221544e+00 5.000000000000000000e-01 9.420257484843383433e-02
5.335779144472949653e+00 5.000000000000000000e-01 7.646914792541503747e-02
2.042642137625062748e+00 1.000000000000000000e+00 4.920774589731683468e-01
2.125832165856935241e+00 1.000000000000000000e+00 4.956231746711639019e-01
2.209022194088808178e+00 1.000000000000000000e+00 4.984584663248453618e-01
2.292212222320680670e+00 1.000000000000000000e+00 4.988324889828988362e-01
2.375402250552553607e+00 1.000000000000000000e+00 4.948716558925095321e-01
2.458592278784426099e+00 1.000000000000000000e+00 4.948967667711660079e-01
2.541782307016299036e+00 1.000000000000000000e+00 4.932635490751664520e-01
2.624972335248171529e+00 1.000000000000000000e+00 4.923387516705161615e-01
2.708162363480044466e+00 1.000000000000000000e+00 4.878739892240979148e-01
2.791352391711916958e+00 1.000000000000000000e+00 4.879906938383707926e-01
2.874542419943789895e+00 1.000000000000000000e+00 4.798086818264552522e-01
2.957732448175662388e+00 1.000000000000000000e+00 4.749865431278032513e-01
3.040922476407535324e+00 1.000000000000000000e+00 4.681874954142324352e-01
3.124112504639407817e+00 1.000000000000000000e+00 4.575660780727360821e-01
3.207302532871280754e+00 1.000000000000000000e+00 4.510432831127870190e-01
3.290492561103153246e+00 1.000000000000000000e+00 4.350030301845084768e-01
3.373682589335026183e+00 1.000000000000000000e+00 4.241705865616736126e-01
3.456872617566898676e+00 1.000000000000000000e+00 4.169717404226251922e-01
3.540062645798771612e+00 1.000000000000000000e+00 4.043805515956623298e-01
3.623252674030644105e+00 1.000000000000000000e+00 3.929746902559199673e-01
3.706442702262517042e+00 1.000000000000000000e+00 3.790711829827672075e-01
3.789632730494389534e+00 1.000000000000000000e+00 3.612348390529257491e-01
3.872822758726262471e+00 1.000000000000000000e+00 3.439926965671065706e-01
3.956012786958134964e+00 1.000000000000000000e+00 3.228760197549078725e-01
4.039202815190007456e+00 1.000000000000000000e+00 2.969911281452566887e-01
4.122392843421881281e+00 1.000000000000000000e+00 2.806507540781648657e-01
4.205582871653753330e+00 1.000000000000000000e+00 2.633995693931992510e-01
4.288772899885625378e+00 1.000000000000000000e+00 2.377383643256961721e-01
4.371962928117499203e+00 1.000000000000000000e+00 2.178785169899290775e-01
4.455152956349371252e+00 1.000000000000000000e+00 1.948110896766839240e-01
4.538342984581243300e+00 1.000000000000000000e+00 1.793235509809336103e-01
4.621533012813117125e+00 1.000000000000000000e+00 1.565917623453162710e-01
4.704723041044989174e+00 1.000000000000000000e+00 1.395053502990246108e-01
4.787913069276862998e+00 1.000000000000000000e+00 1.182051181868802869e-01
4.871103097508735047e+00 1.000000000000000000e+00 1.032936567543514400e-01
4.954293125740607096e+00 1.000000000000000000e+00 8.685326397874455762e-02
5.037483153972480920e+00 1.000000000000000000e+00 7.066501717829454243e-02
5.120673182204352969e+00 1.000000000000000000e+00 6.133839423760587689e-02
5.203863210436225017e+00 1.000000000000000000e+00 5.293400029338608120e-02
5.287053238668098842e+00 1.000000000000000000e+00 4.159793161395586997e-02
2.043983048903091237e+00 1.500000000000000000e+00 3.751982180612376538e-01
2.131255421233629654e+00 1.500000000000000000e+00 3.662963798806527782e-01
2.218527793564167183e+00 1.500000000000000000e+00 3.704573960487254070e-01
2.305800165894705600e+00 1.500000000000000000e+00 3.811343106713075413e-01
2.393072538225243129e+00 1.500000000000000000e+00 3.735864611451768513e-01
2.480344910555781546e+00 1.500000000000000000e+00 3.737278861536559305e-01
2.567617282886319519e+00 1.500000000000000000e+00 3.646169989070434658e-01
2.654889655216857491e+00 1.500000000000000000e+00 3.576098034781408086e-01
2.742162027547395464e+00 1.500000000000000000e+00 3.530471938800438525e-01
2.829434399877933437e+00 1.500000000000000000e+00 3.486635346342596975e-01
2.916706772208471854e+00 1.500000000000000000e+00 3.405537535854253894e-01
3.003979144539009383e+00 1.500000000000000000e+00 3.326841421761044804e-01
3.091251516869547800e+00 1.500000000000000000e+00 3.260333920749097225e-01
3.178523889200085328e+00 1.500000000000000000e+00 3.127540358562081457e-01
3.265796261530623745e+00 1.500000000000000000e+00 3.033191318976630746e-01
3.353068633861161274e+00 1.500000000000000000e+00 2.929806106644750607e-01
3.440341006191699691e+00 1.500000000000000000e+00 2.811478515912740339e-01
3.527613378522237220e+00 1.500000000000000000e+00 2.653761382118429712e-01
3.614885750852775637e+00 1.500000000000000000e+00 2.545658540572187101e-01
3.702158123183313165e+00 1.500000000000000000e+00 2.404303603815624024e-01
3.789430495513851582e+00 1.500000000000000000e+00 2.259682244163979115e-01
3.876702867844389555e+00 1.500000000000000000e+00 2.102763932050809026e-01
3.963975240174927084e+00 1.500000000000000000e+00 1.906355089120061463e-01
4.051247612505465057e+00 1.500000000000000000e+00 1.776175346292606927e-01
4.138519984836003474e+00 1.500000000000000000e+00 1.630501674915290355e-01
4.225792357166541890e+00 1.500000000000000000e+00 1.444994851450466800e-01
4.313064729497080307e+00 1.500000000000000000e+00 1.274604430875581340e-01
4.400337101827616948e+00 1.500000000000000000e+00 1.116596446501468137e-01
4.487609474158155365e+00 1.500000000000000000e+00 9.773258062634321286e-02
4.574881846488693782e+00 1.500000000000000000e+00 8.445247581416036320e-02
4.662154218819232199e+00 1.500000000000000000e+00 7.225398911099180366e-02
4.749426591149768839e+00 1.500000000000000000e+00 6.126546888425791343e-02
4.836698963480307256e+00 1.500000000000000000e+00 5.162373635373262992e-02
4.923971335810845673e+00 1.500000000000000000e+00 4.330945425077054045e-02
5.011243708141384090e+00 1.500000000000000000e+00 3.715067449672408706e-02
5.098516080471920731e+00 1.500000000000000000e+00 2.821927357769766359e-02
5.185788452802459148e+00 1.500000000000000000e+00 2.344045336793817297e-02
5.273060825132997564e+00 1.500000000000000000e+00 1.925435066934789996e-02
5.360333197463535981e+00 1.500000000000000000e+00 1.841696836975831655e-02
5.447605569794073510e+00 1.500000000000000000e+00 1.233082637502189854e-02
2.044452973730900958e+00 2.000000000000000000e+00 2.715881287944064693e-01
2.132939494006697245e+00 2.000000000000000000e+00 2.765435900247737444e-01
2.221426014282493977e+00 2.000000000000000000e+00 2.763286492189462873e-01
2.309912534558290709e+00 2.000000000000000000e+00 2.781390826390516269e-01
2.398399054834086996e+00 2.000000000000000000e+00 2.722346340111249652e-01
2.486885575109883728e+00 2.000000000000000000e+00 2.678753627811663596e-01
2.575372095385680460e+00 2.000000000000000000e+00 2.591771419338503857e-01
2.663858615661476748e+00 2.000000000000000000e+00 2.565563784779275602e-01
2.752345135937273923e+00 2.000000000000000000e+00 2.446215742101499058e-01
2.840831656213070211e+00 2.000000000000000000e+00 2.359055778824278304e-01
2.929318176488866943e+00 2.000000000000000000e+00 2.276505615688570461e-01
3.017804696764663674e+00 2.000000000000000000e+00 2.172759161913260795e-01
3.106291217040459962e+00 2.000000000000000000e+00 2.060166341055530148e-01
3.194777737316256694e+00 2.000000000000000000e+00 1.952994509134118595e-01
3.283264257592053426e+00 2.000000000000000000e+00 1.845610916784585775e-01
3.371750777867849713e+00 2.000000000000000000e+00 1.736380567429943178e-01
3.460237298143646889e+00 2.000000000000000000e+00 1.627931869401251785e-01
3.548723818419443177e+00 2.000000000000000000e+00 1.542600561553062188e-01
3.637210338695239908e+00 2.000000000000000000e+00 1.433084047476217426e-01
3.725696858971036640e+00 2.000000000000000000e+00 1.285886248176488222e-01
3.814183379246832928e+00 2.000000000000000000e+00 1.165913829717227929e-01
3.902669899522629660e+00 2.000000000000000000e+00 1.021927109472714895e-01
3.991156419798425947e+00 2.000000000000000000e+00 9.582094654641559739e-02
4.079642940074222679e+00 2.000000000000000000e+00 8.352886664863344579e-02
4.168129460350019855e+00 2.000000000000000000e+00 7.057629188604135073e-02
4.256615980625817031e+00 2.000000000000000000e+00 6.275509427167998144e-02
4.345102500901612430e+00 2.000000000000000000e+00 5.316671007878154276e-02
4.433589021177409606e+00 2.000000000000000000e+00 4.430231738937190356e-02
4.522075541453206782e+00 2.000000000000000000e+00 3.814862384224820824e-02
4.610562061729002181e+00 2.000000000000000000e+00 3.184855161441450117e-02
4.699048582004799357e+00 2.000000000000000000e+00 2.631508721359461858e-02
4.787535102280596533e+00 2.000000000000000000e+00 2.151706262733395908e-02
4.876021622556391932e+00 2.000000000000000000e+00 1.775750701206184681e-02
4.964508142832189108e+00 2.000000000000000000e+00 1.468091314715794411e-02
5.052994663107986284e+00 2.000000000000000000e+00 1.158676520686608910e-02
5.141481183383781683e+00 2.000000000000000000e+00 9.798234557863948896e-03
5.229967703659578859e+00 2.000000000000000000e+00 8.436034569039458156e-03
5.318454223935376035e+00 2.000000000000000000e+00 6.400774588545222674e-03
5.406940744211171435e+00 2.000000000000000000e+00 5.132944111611408879e-03
5.495427264486968610e+00 2.000000000000000000e+00 3.682752885640866707e-03
2.043851304632998023e+00 2.500000000000000000e+00 1.942915984511693062e-01
2.130604196973077791e+00 2.500000000000000000e+00 1.948264404322809784e-01
2.217357089313157559e+00 2.500000000000000000e+00 1.940472569722845597e-01
2.304109981653238215e+00 2.500000000000000000e+00 1.912532859977086053e-01
2.390862873993317983e+00 2.500000000000000000e+00 1.862412031345514474e-01
2.477615766333397751e+00 2.500000000000000000e+00 1.795878916323734031e-01
2.564368658673478407e+00 2.500000000000000000e+00 1.719794581298030867e-01
2.651121551013558175e+00 2.500000000000000000e+00 1.649408507033562898e-01
2.737874443353637943e+00 2.500000000000000000e+00 1.534302637415592419e-01
2.824627335693717711e+00 2.500000000000000000e+00 1.467868140192110649e-01
2.911380228033798367e+00 2.500000000000000000e+00 1.378516004403424755e-01
2.998133120373878135e+00 2.500000000000000000e+00 1.305644425906221928e-01
3.084886012713957903e+00 2.500000000000000000e+00 1.218206921651912855e-01
3.171638905054038560e+00 2.500000000000000000e+00 1.106762357807464653e-01
3.258391797394118328e+00 2.500000000000000000e+00 9.957191071811213878e-02
3.345144689734198096e+00 2.500000000000000000e+00 8.994766063829792713e-02
3.431897582074278752e+00 2.500000000000000000e+00 8.155620018696831119e-02
3.518650474414358520e+00 2.500000000000000000e+00 7.437058516842094680e-02
3.605403366754438288e+00 2.500000000000000000e+00 6.653792421663623502e-02
3.692156259094518944e+00 2.500000000000000000e+00 5.985381761287068142e-02
3.778909151434598712e+00 2.500000000000000000e+00 5.259046918889304784e-02
3.865662043774678480e+00 2.500000000000000000e+00 4.466171557597625741e-02
3.952414936114759136e+00 2.500000000000000000e+00 3.850825282940958938e-02
4.039167828454838904e+00 2.500000000000000000e+00 3.354378831087065360e-02
4.125920720794919561e+00 2.500000000000000000e+00 2.860971036686268953e-02
4.212673613134999329e+00 2.500000000000000000e+00 2.340502160513602617e-02
4.299426505475079097e+00 2.500000000000000000e+00 2.026267340840292447e-02
4.386179397815158865e+00 2.500000000000000000e+00 1.706897464260183697e-02
4.472932290155238633e+00 2.500000000000000000e+00 1.421286120258668031e-02
4.559685182495318401e+00 2.500000000000000000e+00 1.156651503517278599e-02
4.646438074835399057e+00 2.500000000000000000e+00 9.198208465239549395e-03
4.733190967175479713e+00 2.500000000000000000e+00 8.012191756684468660e-03
4.819943859515559481e+00 2.500000000000000000e+00 6.681375775571621496e-03
4.906696751855639249e+00 2.500000000000000000e+00 5.172357476375732087e-03
4.993449644195719017e+00 2.500000000000000000e+00 3.985188210567370583e-03
5.080202536535798785e+00 2.500000000000000000e+00 3.495751864956722198e-03
5.166955428875878553e+00 2.500000000000000000e+00 2.771545453538275770e-03
5.253708321215960098e+00 2.500000000000000000e+00 2.129698298561824750e-03
5.340461213556039866e+00 2.500000000000000000e+00 1.719550369376018732e-03
5.427214105896119634e+00 2.500000000000000000e+00 1.360442265997699896e-03
2.044951470741764865e+00 3.000000000000000000e+00 1.364467864490795934e-01
2.134784927887526607e+00 3.000000000000000000e+00 1.359115098544804723e-01
2.224618385033287904e+00 3.000000000000000000e+00 1.289543234031672037e-01
2.314451842179049645e+00 3.000000000000000000e+00 1.239453362695489835e-01
2.404285299324810943e+00 3.000000000000000000e+00 1.205767783890339950e-01
2.494118756470572684e+00 3.000000000000000000e+00 1.128022169806107977e-01
2.583952213616334426e+00 3.000000000000000000e+00 9.874458380083867004e-02
2.673785670762096167e+00 3.000000000000000000e+00 9.128286422079215368e-02
2.763619127907857465e+00 3.000000000000000000e+00 8.253396608852028860e-02
2.853452585053618762e+00 3.000000000000000000e+00 7.187919089634579872e-02
2.943286042199380503e+00 3.000000000000000000e+00 6.509121769059203477e-02
3.033119499345142245e+00 3.000000000000000000e+00 5.866573206871564944e-02
3.122952956490903986e+00 3.000000000000000000e+00 5.265196813701679412e-02
3.212786413636665728e+00 3.000000000000000000e+00 4.363776857484392979e-02
3.302619870782427025e+00 3.000000000000000000e+00 3.894994605062856302e-02
3.392453327928188322e+00 3.000000000000000000e+00 3.338146623662440610e-02
3.482286785073950064e+00 3.000000000000000000e+00 2.847641771229858162e-02
3.572120242219711805e+00 3.000000000000000000e+00 2.412108079636228822e-02
3.661953699365473547e+00 3.000000000000000000e+00 2.010218637988564136e-02
3.751787156511235288e+00 3.000000000000000000e+00 1.887810480176788097e-02
3.841620613656996586e+00 3.000000000000000000e+00 1.475026917690449614e-02
3.931454070802757883e+00 3.000000000000000000e+00 1.388111945409776712e-02
4.021287527948519624e+00 3.000000000000000000e+00 1.003647359081298422e-02
4.111120985094281366e+00 3.000000000000000000e+00 9.120507019564936396e-03
4.200954442240043107e+00 3.000000000000000000e+00 7.288936655194608837e-03
4.290787899385804849e+00 3.000000000000000000e+00 6.342894546448528750e-03
4.380621356531566590e+00 3.000000000000000000e+00 4.769730833651559046e-03
4.470454813677328332e+00 3.000000000000000000e+00 4.225715773448797744e-03
4.560288270823089185e+00 3.000000000000000000e+00 3.406457593892600350e-03
4.650121727968850927e+00 3.000000000000000000e+00 2.567156452591821351e-03
4.739955185114611780e+00 3.000000000000000000e+00 1.998290008392307904e-03
4.829788642260373521e+00 3.000000000000000000e+00 1.758669479583961767e-03
4.919622099406135263e+00 3.000000000000000000e+00 1.789761577521164528e-03
5.009455556551897004e+00 3.000000000000000000e+00 1.132644201140707964e-03
5.099289013697658746e+00 3.000000000000000000e+00 9.248301414016360262e-04
5.189122470843420487e+00 3.000000000000000000e+00 6.986407933292799197e-04
5.278955927989182229e+00 3.000000000000000000e+00 5.794257809887454116e-04
5.368789385134943970e+00 3.000000000000000000e+00 5.372202270238000781e-04
5.458622842280705711e+00 3.000000000000000000e+00 5.984956932207768920e-04
5.548456299426467453e+00 3.000000000000000000e+00 2.469659398231666418e-04
