2.035622589834930718e+00 0.000000000000000000e+00 6.685997759461933532e-01
2.106676700949524861e+00 0.000000000000000000e+00 6.601427534792135843e-01
2.177730812064119004e+00 0.000000000000000000e+00 6.535022591606833853e-01
2.248784923178713591e+00 0.000000000000000000e+00 7.113492090760004105e-01
2.319839034293307733e+00 0.000000000000000000e+00 7.212605414503943102e-01
2.390893145407901876e+00 0.000000000000000000e+00 7.402709701013601151e-01
2.461947256522496019e+00 0.000000000000000000e+00 7.453546576187206618e-01
2.533001367637090162e+00 0.000000000000000000e+00 7.598734862509959331e-01
2.604055478751684305e+00 0.000000000000000000e+00 7.687461129639426849e-01
2.675109589866278892e+00 0.000000000000000000e+00 7.703630428211464265e-01
2.746163700980873035e+00 0.000000000000000000e+00 7.777368870150911384e-01
2.817217812095467178e+00 0.000000000000000000e+00 7.838477329383266579e-01
2.888271923210061320e+00 0.000000000000000000e+00 7.802617205334960726e-01
2.959326034324655463e+00 0.000000000000000000e+00 7.782666488371953184e-01
3.030380145439249606e+00 0.000000000000000000e+00 7.754886088786848708e-01
3.101434256553843749e+00 0.000000000000000000e+00 7.755755996681648057e-01
3.172488367668437892e+00 0.000000000000000000e+00 7.745445032020612519e-01
3.243542478783032479e+00 0.000000000000000000e+00 7.670328519158783331e-01
3.314596589897626622e+00 0.000000000000000000e+00 7.554550528155953293e-01
3.385650701012220765e+00 0.000000000000000000e+00 7.487912728190110334e-01
3.456704812126814907e+00 0.000000000000000000e+00 7.405869077185389671e-01
3.527758923241409494e+00 0.000000000000000000e+00 7.343882635872260867e-01
3.598813034356003637e+00 0.000000000000000000e+00 7.183960941237974573e-01
3.669867145470597780e+00 0.000000000000000000e+00 7.011998115151421018e-01
3.740921256585191923e+00 0.000000000000000000e+00 6.859461294546363996e-01
3.811975367699786066e+00 0.000000000000000000e+00 6.712252319085409979e-01
3.883029478814380209e+00 0.000000000000000000e+00 6.580601581932448152e-01
3.954083589928974352e+00 0.000000000000000000e+00 6.352019648978333155e-01
4.025137701043568939e+00 0.000000000000000000e+00 6.196615848862345732e-01
4.096191812158163081e+00 0.000000000000000000e+00 5.935164422243915938e-01
4.167245923272757224e+00 0.000000000000000000e+00 5.785115614810517615e-01
4.238300034387351367e+00 0.000000000000000000e+00 5.583008584142388209e-01
4.309354145501945510e+00 0.000000000000000000e+00 5.283796933143699581e-01
4.380408256616539653e+00 0.000000000000000000e+00 5.008873494354647571e-01
4.451462367731133796e+00 0.000000000000000000e+00 4.745563496491464472e-01
4.522516478845728827e+00 0.000000000000000000e+00 4.417020648435519559e-01
4.593570589960322081e+00 0.000000000000000000e+00 4.231893999685673591e-01
4.664624701074917112e+00 0.000000000000000000e+00 3.917728799934027117e-01
4.735678812189510367e+00 0.000000000000000000e+00 3.417214126952394238e-01
4.806732923304105398e+00 0.000000000000000000e+00 3.183970728636049130e-01
2.036203580635867816e+00 5.000000000000000000e-01 5.364627559169794502e-01
2.108491753370090649e+00 5.000000000000000000e-01 5.510054157281157883e-01
2.180779926104313926e+00 5.000000000000000000e-01 5.567357203328032744e-01
2.253068098838537203e+00 5.000000000000000000e-01 5.699767517315393883e-01
2.325356271572760036e+00 5.000000000000000000e-01 5.873726862866817111e-01
2.397644444306982869e+00 5.000000000000000000e-01 5.970320950066811960e-01
2.469932617041206147e+00 5.000000000000000000e-01 6.089979147319637409e-01
2.542220789775429424e+00 5.000000000000000000e-01 6.146676493867396784e-01
2.614508962509652257e+00 5.000000000000000000e-01 6.258997894560551778e-01
2.686797135243875090e+00 5.000000000000000000e-01 6.316727362764172904e-01
2.759085307978098367e+00 5.000000000000000000e-01 6.277528968645591512e-01
2.831373480712321200e+00 5.000000000000000000e-01 6.273329851148103931e-01
2.903661653446544477e+00 5.000000000000000000e-01 6.263624172696108383e-01
2.975949826180767310e+00 5.000000000000000000e-01 6.234011449864046428e-01
3.048237998914990587e+00 5.000000000000000000e-01 6.170826966912716927e-01
3.120526171649213421e+00 5.000000000000000000e-01 6.117776111805028894e-01
3.192814344383436698e+00 5.000000000000000000e-01 6.080676379647343976e-01
3.265102517117659531e+00 5.000000000000000000e-01 5.988615585887795412e-01
3.337390689851882808e+00 5.000000000000000000e-01 5.864650397639358248e-01
3.409678862586105641e+00 5.000000000000000000e-01 5.771605950033604771e-01
3.481967035320328918e+00 5.000000000000000000e-01 5.646617690159967395e-01
3.554255208054551751e+00 5.000000000000000000e-01 5.554025969520381967e-01
3.626543380788775028e+00 5.000000000000000000e-01 5.445969322885633179e-01
3.698831553522997861e+00 5.000000000000000000e-01 5.284919411393127486e-01
3.771119726257220695e+00 5.000000000000000000e-01 5.115618732847639905e-01
3.843407898991443972e+00 5.000000000000000000e-01 4.958423246573043786e-01
3.915696071725666805e+00 5.000000000000000000e-01 4.805569536137848652e-01
3.987984244459890082e+00 5.000000000000000000e-01 4.597845362675930803e-01
4.060272417194113359e+00 5.000000000000000000e-01 4.448416903798099731e-01
4.132560589928336192e+00 5.000000000000000000e-01 4.194308530822908332e-01
4.204848762662559025e+00 5.000000000000000000e-01 4.016818090356336635e-01
4.277136935396782746e+00 5.000000000000000000e-01 3.802056353347599282e-01
4.349425108131004691e+00 5.000000000000000000e-01 3.573462664735082006e-01
4.421713280865228413e+00 5.000000000000000000e-01 3.343661730627200401e-01
4.494001453599451246e+00 5.000000000000000000e-01 3.039805465529304418e-01
4.566289626333674079e+00 5.000000000000000000e-01 2.823567976550113712e-01
4.638577799067897800e+00 5.000000000000000000e-01 2.626259287216342608e-01
4.710865971802120633e+00 5.000000000000000000e-01 2.396400933645094489e-01
4.783154144536343466e+00 5.000000000000000000e-01 2.034791895866107647e-01
4.855442317270566299e+00 5.000000000000000000e-01 1.858503739476623784e-01
2.037082792914096441e+00 1.000000000000000000e+00 4.572740937068479061e-01
2.110745611269387201e+00 1.000000000000000000e+00 4.570378347612130687e-01
2.184408429624678405e+00 1.000000000000000000e+00 4.520220548438926289e-01
2.258071247979969165e+00 1.000000000000000000e+00 4.629484947829685670e-01
2.331734066335259925e+00 1.000000000000000000e+00 4.657088450591844730e-01
2.405396884690550685e+00 1.000000000000000000e+00 4.667555601943719212e-01
2.479059703045841889e+00 1.000000000000000000e+00 4.718252344754881866e-01
2.552722521401132649e+00 1.000000000000000000e+00 4.772482666957711950e-01
2.626385339756423409e+00 1.000000000000000000e+00 4.802358971500109153e-01
2.700048158111714169e+00 1.000000000000000000e+00 4.801005438002151626e-01
2.773710976467005374e+00 1.000000000000000000e+00 4.820467367732554353e-01
2.847373794822296134e+00 1.000000000000000000e+00 4.776557521893280422e-01
2.921036613177586894e+00 1.000000000000000000e+00 4.732938233320504451e-01
2.994699431532877654e+00 1.000000000000000000e+00 4.720738988919989110e-01
3.068362249888168858e+00 1.000000000000000000e+00 4.647114526731970785e-01
3.142025068243459618e+00 1.000000000000000000e+00 4.578820712500020207e-01
3.215687886598750378e+00 1.000000000000000000e+00 4.512161802831002322e-01
3.289350704954041138e+00 1.000000000000000000e+00 4.401848409313742772e-01
3.363013523309332342e+00 1.000000000000000000e+00 4.249023673049609484e-01
3.436676341664623102e+00 1.000000000000000000e+00 4.186372697667509746e-01
3.510339160019913862e+00 1.000000000000000000e+00 4.059795558893845580e-01
3.584001978375204622e+00 1.000000000000000000e+00 3.944650584874783150e-01
3.657664796730495826e+00 1.000000000000000000e+00 3.836535138802223410e-01
3.731327615085786586e+00 1.000000000000000000e+00 3.677459552944239429e-01
3.804990433441077347e+00 1.000000000000000000e+00 3.515834131166148957e-01
3.878653251796368107e+00 1.000000000000000000e+00 3.370525689408469527e-01
3.952316070151659311e+00 1.000000000000000000e+00 3.196413418744201707e-01
4.025978888506950071e+00 1.000000000000000000e+00 3.004221005844141534e-01
4.099641706862240831e+00 1.000000000000000000e+00 2.823853786737341998e-01
4.173304525217531591e+00 1.000000000000000000e+00 2.655549861275305901e-01
4.246967343572823239e+00 1.000000000000000000e+00 2.470452366362840546e-01
4.320630161928113111e+00 1.000000000000000000e+00 2.275823549651936895e-01
4.394292980283404759e+00 1.000000000000000000e+00 2.099492165351355133e-01
4.467955798638694631e+00 1.000000000000000000e+00 1.896856652580481695e-01
4.541618616993986279e+00 1.000000000000000000e+00 1.721995806590396749e-01
4.615281435349277039e+00 1.000000000000000000e+00 1.511271023627528964e-01
4.688944253704567799e+00 1.000000000000000000e+00 1.369781174551044922e-01
4.762607072059859448e+00 1.000000000000000000e+00 1.229891856744251555e-01
4.836269890415149320e+00 1.000000000000000000e+00 1.021338940957363245e-01
4.909932708770440968e+00 1.000000000000000000e+00 9.220869406684142899e-02
2.037873563753168860e+00 1.500000000000000000e+00 3.651012820250273405e-01
2.112753404022544856e+00 1.500000000000000000e+00 3.588006326966756698e-01
2.187633244291921297e+00 1.500000000000000000e+00 3.558243524091470600e-01
2.262513084561297738e+00 1.500000000000000000e+00 3.534456134141407690e-01
2.337392924830673735e+00 1.500000000000000000e+00 3.535177798903618718e-01
2.412272765100049732e+00 1.500000000000000000e+00 3.523360425956841291e-01
2.487152605369426173e+00 1.500000000000000000e+00 3.511073567434573883e-01
2.562032445638802169e+00 1.500000000000000000e+00 3.532336551625540610e-01
2.636912285908178610e+00 1.500000000000000000e+00 3.503860868837946341e-01
2.711792126177554607e+00 1.500000000000000000e+00 3.492458941481850765e-01
2.786671966446931048e+00 1.500000000000000000e+00 3.490438418033759982e-01
2.861551806716307045e+00 1.500000000000000000e+00 3.431893330094915595e-01
2.936431646985683486e+00 1.500000000000000000e+00 3.398996497910099501e-01
3.011311487255059482e+00 1.500000000000000000e+00 3.348447906524443796e-01
3.086191327524435479e+00 1.500000000000000000e+00 3.287765149524816688e-01
3.161071167793811920e+00 1.500000000000000000e+00 3.205824208650504548e-01
3.235951008063187917e+00 1.500000000000000000e+00 3.101858390689092859e-01
3.310830848332564358e+00 1.500000000000000000e+00 3.022869208718585998e-01
3.385710688601940355e+00 1.500000000000000000e+00 2.881092575967136860e-01
3.460590528871316796e+00 1.500000000000000000e+00 2.781778759408668478e-01
3.535470369140692792e+00 1.500000000000000000e+00 2.681317503494172749e-01
3.610350209410068789e+00 1.500000000000000000e+00 2.543117992432166741e-01
3.685230049679445230e+00 1.500000000000000000e+00 2.419852420223692069e-01
3.760109889948821227e+00 1.500000000000000000e+00 2.280705592996646880e-01
3.834989730218197668e+00 1.500000000000000000e+00 2.137677128351961886e-01
3.909869570487573665e+00 1.500000000000000000e+00 2.003180774181005652e-01
3.984749410756950105e+00 1.500000000000000000e+00 1.846622280778272007e-01
4.059629251026326102e+00 1.500000000000000000e+00 1.681003137433070560e-01
4.134509091295702099e+00 1.500000000000000000e+00 1.560330520629047701e-01
4.209388931565078096e+00 1.500000000000000000e+00 1.415983086762763743e-01
4.284268771834454981e+00 1.500000000000000000e+00 1.288904726018427482e-01
4.359148612103830978e+00 1.500000000000000000e+00 1.150852983953020298e-01
4.434028452373206974e+00 1.500000000000000000e+00 1.024199441011285766e-01
4.508908292642582971e+00 1.500000000000000000e+00 8.941979930231869211e-02
4.583788132911958968e+00 1.500000000000000000e+00 8.155425319683938523e-02
4.658667973181335853e+00 1.500000000000000000e+00 6.711623147562774394e-02
4.733547813450711850e+00 1.500000000000000000e+00 5.951156065308277343e-02
4.808427653720087847e+00 1.500000000000000000e+00 5.004302853576979987e-02
4.883307493989464731e+00 1.500000000000000000e+00 4.376197790235139551e-02
4.958187334258839840e+00 1.500000000000000000e+00 3.692765331178689964e-02
2.038405264839658670e+00 2.000000000000000000e+00 2.694283625791576986e-01
2.114790290166764564e+00 2.000000000000000000e+00 2.640344188844745976e-01
2.191175315493871345e+00 2.000000000000000000e+00 2.568859386380623611e-01
2.267560340820977238e+00 2.000000000000000000e+00 2.534199844232262189e-01
2.343945366148084020e+00 2.000000000000000000e+00 2.509399686852789024e-01
2.420330391475189913e+00 2.000000000000000000e+00 2.488867132431342721e-01
2.496715416802296694e+00 2.000000000000000000e+00 2.452913568850962345e-01
2.573100442129402587e+00 2.000000000000000000e+00 2.440029123540559119e-01
2.649485467456509369e+00 2.000000000000000000e+00 2.413369808126638316e-01
2.725870492783615262e+00 2.000000000000000000e+00 2.387192416712913823e-01
2.802255518110722043e+00 2.000000000000000000e+00 2.346354657542133737e-01
2.878640543437827937e+00 2.000000000000000000e+00 2.295183026885081468e-01
2.955025568764934274e+00 2.000000000000000000e+00 2.255512280212826903e-01
3.031410594092040611e+00 2.000000000000000000e+00 2.191670605783118952e-01
3.107795619419146949e+00 2.000000000000000000e+00 2.103636452855699168e-01
3.184180644746253286e+00 2.000000000000000000e+00 2.032856436941119505e-01
3.260565670073359623e+00 2.000000000000000000e+00 1.935429542608806397e-01
3.336950695400465960e+00 2.000000000000000000e+00 1.827175558737084149e-01
3.413335720727572298e+00 2.000000000000000000e+00 1.716175265404875361e-01
3.489720746054678635e+00 2.000000000000000000e+00 1.619989367737394159e-01
3.566105771381784972e+00 2.000000000000000000e+00 1.501446619841323993e-01
3.642490796708891310e+00 2.000000000000000000e+00 1.393358619001122400e-01
3.718875822035997647e+00 2.000000000000000000e+00 1.280442888237910137e-01
3.795260847363103984e+00 2.000000000000000000e+00 1.173974122227595673e-01
3.871645872690209877e+00 2.000000000000000000e+00 1.086216281228627040e-01
3.948030898017316659e+00 2.000000000000000000e+00 9.594507081808013871e-02
4.024415923344422552e+00 2.000000000000000000e+00 8.418257669691925349e-02
4.100800948671528445e+00 2.000000000000000000e+00 7.646763336963924296e-02
4.177185973998636115e+00 2.000000000000000000e+00 6.772696033693599571e-02
4.253570999325742008e+00 2.000000000000000000e+00 6.014289812640422062e-02
4.329956024652847901e+00 2.000000000000000000e+00 5.198489395118990192e-02
4.406341049979953794e+00 2.000000000000000000e+00 4.538894794261279925e-02
4.482726075307061464e+00 2.000000000000000000e+00 3.994204712145832392e-02
4.559111100634167357e+00 2.000000000000000000e+00 3.333326744583375162e-02
4.635496125961273250e+00 2.000000000000000000e+00 2.851143760408663547e-02
4.711881151288379144e+00 2.000000000000000000e+00 2.402770689656015535e-02
4.788266176615486813e+00 2.000000000000000000e+00 2.024330584007385386e-02
4.864651201942592706e+00 2.000000000000000000e+00 1.694850729342259679e-02
4.941036227269698600e+00 2.000000000000000000e+00 1.425263195300226736e-02
5.017421252596804493e+00 2.000000000000000000e+00 1.267521974447479924e-02
2.038621263785825644e+00 2.500000000000000000e+00 1.862029393369002139e-01
2.115711801587528029e+00 2.500000000000000000e+00 1.788364048978738075e-01
2.192802339389229971e+00 2.500000000000000000e+00 1.738339829491099553e-01
2.269892877190931912e+00 2.500000000000000000e+00 1.689336991767768359e-01
2.346983414992633854e+00 2.500000000000000000e+00 1.669734444139310547e-01
2.424073952794335796e+00 2.500000000000000000e+00 1.649095716901450570e-01
2.501164490596038181e+00 2.500000000000000000e+00 1.590161217676284988e-01
2.578255028397740567e+00 2.500000000000000000e+00 1.570304611436467990e-01
2.655345566199442509e+00 2.500000000000000000e+00 1.517919352428615809e-01
2.732436104001144450e+00 2.500000000000000000e+00 1.469403276762762944e-01
2.809526641802846392e+00 2.500000000000000000e+00 1.438444881685602139e-01
2.886617179604548333e+00 2.500000000000000000e+00 1.375954157028913827e-01
2.963707717406250719e+00 2.500000000000000000e+00 1.338640214153686281e-01
3.040798255207953105e+00 2.500000000000000000e+00 1.257867529615373792e-01
3.117888793009655046e+00 2.500000000000000000e+00 1.193545034535382909e-01
3.194979330811356988e+00 2.500000000000000000e+00 1.092949041515127728e-01
3.272069868613058929e+00 2.500000000000000000e+00 1.039727553174678298e-01
3.349160406414760871e+00 2.500000000000000000e+00 9.453919722785786295e-02
3.426250944216462813e+00 2.500000000000000000e+00 8.532795331571638164e-02
3.503341482018165198e+00 2.500000000000000000e+00 7.670673381492695841e-02
3.580432019819867584e+00 2.500000000000000000e+00 6.776190797711946490e-02
3.657522557621569526e+00 2.500000000000000000e+00 6.157982035324714026e-02
3.734613095423271467e+00 2.500000000000000000e+00 5.461301426333504960e-02
3.811703633224973409e+00 2.500000000000000000e+00 4.772569190300335329e-02
3.888794171026675350e+00 2.500000000000000000e+00 4.195232587361573395e-02
3.965884708828378180e+00 2.500000000000000000e+00 3.684295407014040458e-02
4.042975246630080122e+00 2.500000000000000000e+00 3.194403290139231910e-02
4.120065784431782063e+00 2.500000000000000000e+00 2.698874547538694310e-02
4.197156322233484005e+00 2.500000000000000000e+00 2.310809100230925769e-02
4.274246860035185946e+00 2.500000000000000000e+00 2.078786728921351926e-02
4.351337397836887888e+00 2.500000000000000000e+00 1.733965101479143303e-02
4.428427935638589830e+00 2.500000000000000000e+00 1.473046192698958777e-02
4.505518473440291771e+00 2.500000000000000000e+00 1.236753082367328567e-02
4.582609011241993713e+00 2.500000000000000000e+00 1.030349150290548257e-02
4.659699549043696543e+00 2.500000000000000000e+00 8.841701153457278556e-03
4.736790086845398484e+00 2.500000000000000000e+00 7.225628935318040465e-03
4.813880624647101314e+00 2.500000000000000000e+00 6.029348781118289320e-03
4.890971162448803256e+00 2.500000000000000000e+00 5.085291534342045901e-03
4.968061700250505197e+00 2.500000000000000000e+00 4.084709958449849604e-03
5.045152238052207139e+00 2.500000000000000000e+00 3.552054407251424659e-03
2.039114867862922509e+00 3.000000000000000000e+00 1.173161725668067507e-01
2.116701217511699262e+00 3.000000000000000000e+00 1.093933435881287580e-01
2.194287567160476460e+00 3.000000000000000000e+00 1.065893029063667979e-01
2.271873916809253657e+00 3.000000000000000000e+00 1.038079012636837495e-01
2.349460266458030411e+00 3.000000000000000000e+00 9.964309857161400552e-02
2.427046616106808052e+00 3.000000000000000000e+00 9.583316987270332210e-02
2.504632965755584806e+00 3.000000000000000000e+00 9.159679936247842880e-02
2.582219315404362447e+00 3.000000000000000000e+00 8.888975390041255198e-02
2.659805665053139201e+00 3.000000000000000000e+00 8.554774898414801987e-02
2.737392014701916398e+00 3.000000000000000000e+00 7.896963913910381994e-02
2.814978364350693596e+00 3.000000000000000000e+00 7.595669337183261205e-02
2.892564713999470349e+00 3.000000000000000000e+00 6.950284990917801609e-02
2.970151063648247991e+00 3.000000000000000000e+00 6.511155684187511228e-02
3.047737413297024744e+00 3.000000000000000000e+00 5.964948371497523494e-02
3.125323762945801942e+00 3.000000000000000000e+00 5.334806892038768816e-02
3.202910112594579140e+00 3.000000000000000000e+00 4.938280719035766098e-02
3.280496462243356337e+00 3.000000000000000000e+00 4.369030995455881750e-02
3.358082811892133535e+00 3.000000000000000000e+00 3.743225154486429923e-02
3.435669161540910288e+00 3.000000000000000000e+00 3.261902321595781112e-02
3.513255511189687930e+00 3.000000000000000000e+00 2.828939093830655852e-02
3.590841860838464683e+00 3.000000000000000000e+00 2.421724593620859511e-02
3.668428210487241881e+00 3.000000000000000000e+00 2.108920260120925039e-02
3.746014560136019078e+00 3.000000000000000000e+00 1.778435036772302996e-02
3.823600909784796276e+00 3.000000000000000000e+00 1.575250519450637626e-02
3.901187259433573473e+00 3.000000000000000000e+00 1.264310992914070148e-02
3.978773609082350227e+00 3.000000000000000000e+00 1.095868289288259682e-02
4.056359958731127868e+00 3.000000000000000000e+00 9.127269998279534044e-03
4.133946308379904622e+00 3.000000000000000000e+00 8.099171095652477753e-03
4.211532658028682263e+00 3.000000000000000000e+00 6.510777544788761556e-03
4.289119007677459017e+00 3.000000000000000000e+00 5.608107268811399551e-03
4.366705357326235770e+00 3.000000000000000000e+00 4.878553175089036034e-03
4.444291706975013412e+00 3.000000000000000000e+00 4.054379597604404646e-03
4.521878056623790165e+00 3.000000000000000000e+00 3.160034195195541087e-03
4.599464406272567807e+00 3.000000000000000000e+00 2.799584303108684346e-03
4.677050755921344560e+00 3.000000000000000000e+00 2.230987147191053430e-03
4.754637105570122202e+00 3.000000000000000000e+00 1.836941456192454176e-03
4.832223455218898955e+00 3.000000000000000000e+00 1.612554213021663661e-03
4.909809804867675709e+00 3.000000000000000000e+00 1.276773572404862585e-03
4.987396154516453350e+00 3.000000000000000000e+00 1.067220008023670287e-03
5.064982504165230104e+00 3.000000000000000000e+00 8.781762483067999695e-04
